504.02,183960
505.2,81023
505.3,86906
504.77,78915
505.415,60795
505.23,56743
506,70728
506.45,65422
506.84,81441
507.19,239334
508.45,240014
507.075,176304
507.745,279784
509.26,144213
509.76,58232
509.27,56943
508.77,106251
508.17,61251
508.5,59607
508.15,46065
508.615,36359
508.92,42567
508.54,95465
507.76,56791
508.35,70353
507.94,317467
508.29,61061
508.25,66381
508.01,76456
507.53,32739
507.39,45550
507.345,43908
507.8,41054
507.235,44750
506.535,70844
506.9,63850
507.165,53448
506.78,53614
506.89,212756
506.7,54813
506.09,42529
506.235,43177
506.165,29520
505.56,22840
505.93,37712
505.57,47758
504.97,45318
505.175,49933
505.84,46181
506.31,58267
506.685,41554
506.74,138820
505.355,86985
505.33,69838
505.72,105691
506.505,46750
506.525,67469
506.56,39751
506.01,60911
505.79,39338
506.505,45522
506.65,60946
505.72,99541
505.86,115472
506.13,229080
508.065,92614
508.61,77446
507.69,65654
507.47,36582
507.175,63221
506.59,30262
506.64,40842
507.41,33098
507.83,50087
507.8,55527
507.71,67176
507.795,185963
508.14,314720
508.975,107486
509.49,108199
510.4,74429
510.675,120877
510.835,39507
511.055,52094
511.54,50333
511.82,43987
512.185,61884
512.64,119829
513.22,113798
513.01,136458
512.92,207724
512.19,117937
512.515,98860
512.47,85215
512.71,71027
512.46,78980
512.7,53227
513.15,55041
512.96,62629
512.64,44127
512.73,62063
512.915,96866
513.835,70514
513.5,285554
510.225,133503
509.75,80895
508.33,91532
508.075,58397
508.18,64405
507.81,37025
508.42,47882
508.055,36961
507.69,55358
506.72,35732
507.03,197505
505.695,306697
504.995,422593
510.64,83111
509.76,53172
509.315,59757
510.515,61795
511.37,71366
511.39,47703
511.8,40430
511.285,33637
511.865,62311
510,87372
510.235,47261
509.24,36538
509.16,129587
513.14,63243
513.37,51472
514.25,59411
514.355,58933
514.4,54626
514.66,31466
514.49,44725
514.53,33023
515.02,58886
515.72,50622
515.18,51985
514.75,50327
514.59,148399
515.51,53730
517.78,39120
517.995,66161
517.375,150398
514.72,76675
514,49722
514.67,67994
512.42,47401
512.19,84215
511.69,61374
513.47,60697
513.855,61465
511.87,187306
510.395,85558
509.435,75132
508.995,57492
510.55,33856
509.42,34193
510.82,35624
510.57,74116
511.005,32713
511.28,29237
511.1,26859
511.195,44787
511.6,42664
510.86,127202
513.43,131114
513.49,108699
515.09,77732
516.02,34321
516.175,45147
515.89,45717
515.12,51340
514.4,49772
514.97,31953
515.69,39365
516.445,164524
516.79,149104
517.05,162091
517.04,48015
516.02,79101
516.49,74857
516.17,20358
515.98,27274
516.37,27021
516.32,19018
516.44,42934
517.18,24838
517.05,26347
516.885,34339
516.5,86645
515.07,191028
516.96,83953
513.825,83484
515.24,62384
514.69,75682
514.42,53867
515.04,51784
514.74,38939
513.95,38435
513.135,48953
514.58,67323
514.655,113630
513.81,210931
512.66,362701
510.07,127013
509.59,106518
510.32,35856
511.115,37854
510.82,29556
509.67,45229
509.17,62014
508.48,45834
509.34,51647
509.91,67073
509.52,46913
510.185,74706
510.08,190113
513.26,83499
513.97,62395
515.24,44959
515.195,65392
514.64,44280
514.19,35356
514.19,40887
513.465,44712
514.23,42524
513.82,51765
514.35,50755
513.79,60225
513.83,305890
512.155,79842
511.615,43023
511.49,54292
512.17,27154
512.77,30916
513.18,28694
514.02,58331
514.72,28643
514.91,38917
514.93,45824
515.02,33191
514.845,34069
514.46,189754
515.765,35003
515.435,51970
516.39,33284
515.86,57839
516.28,53240
515.915,26387
515.71,38255
516.05,35262
515.38,44279
515.83,137570
517.685,96136
519.11,104019
520.355,271310
523.49,101275
523.35,71909
523.485,52151
523.59,41710
523.405,56949
523.72,46866
524.05,47982
523.75,29915
523.375,28439
522.74,71199
523.02,35424
522.33,57950
522.845,173974
522.14,51330
521.8,44794
521.73,42530
521.05,41880
521.72,42293
521.695,37803
521.48,80491
521.87,40094
522.12,36417
522.505,47946
522.51,41134
522.15,51363
521.7,177580
519.785,61505
520.24,50775
520.46,23233
520.66,26043
520.64,21803
520.605,74836
520.5,49204
520.445,43839
520.565,31969
520.67,64955
520.86,37871
520.83,59398
520.29,162158
521.14,75130
521.28,67178
521.025,60106
521.33,17801
521.28,14624
521.4,29387
521.14,28735
520.87,32186
520.87,35544
520.65,38032
520.955,33545
520.77,88942
520.21,333679
521.72,67236
520.88,96932
519.98,82037
519.815,29183
519.71,56431
519.49,24661
520.09,27996
520.34,26652
520.345,28978
520.165,47790
520.95,52832
520.31,58115
520.89,268240
523.25,61901
523.32,139329
523.16,56343
523.425,51122
523.58,48510
523.59,34907
523.47,48912
523.33,35969
523.12,34766
523.34,57458
523.53,78387
524.2,100196
524.48,263785
523.71,76731
523.74,96743
522.95,76334
522.32,87739
522.01,46880
521.06,30683
522.04,20302
521.825,22729
521.64,18466
521.77,24537
521.99,28798
521.81,36962
521.9,139261
518.13,120845
517.62,81683
517.14,32991
516.94,30636
517.625,50642
517.115,39398
517.43,32860
518,36433
517.56,42037
517.76,32859
517.9,28080
517.765,42281
518.47,228675
517.705,56438
518.74,69645
520.42,48987
520.74,31044
520.85,25254
520.165,48129
520.66,37811
520.34,22272
520.59,22658
520.555,35620
520.205,40321
519.75,64216
518.38,130206
523.63,77547
522.88,45113
522.905,28708
522.785,28723
522.79,47029
523.26,40223
523.465,21203
523.385,23497
523.18,40220
521.83,91856
517.75,158922
515.51,110595
513.755,324138
514.07,62431
515.95,46216
515.47,48315
518.05,59964
517.78,57096
519.485,58602
519.64,35150
520.37,35753
519.27,26792
517.795,70567
518.09,110586
517.85,88523
518.15,154304
519.24,41531
518.77,32565
519.5,37534
520.03,33640
519.295,31321
518.7,27778
518.54,29944
519.44,38730
519.28,23675
519.37,22408
519.175,17975
519.31,21861
519.225,107537
520.555,55492
518.93,38595
517.54,170689
515.415,36593
516.075,31103
516.98,33143
517.325,22360
516.74,46449
517.22,29511
516.465,28760
516.68,37004
516.43,37111
518.525,122182
513.43,85681
513.775,88560
514.68,73385
514.505,72116
514.46,32256
513.37,47015
513.415,66983
514.23,78440
514.11,55744
513.89,42689
513.225,30773
512.605,61021
514.245,165544
515.68,56015
514.65,60360
512.75,41804
513.215,41041
513.6,44398
515.4,39894
514.785,34392
515.33,49609
517.65,42793
517.945,73576
519.18,71717
518.75,37887
518.8,175673
514.38,91197
515.39,71289
513.76,65828
512.215,42562
513.555,34329
513.29,34854
512.01,102230
510.59,85896
509.55,89401
510.445,59504
510.645,58883
509.5,96591
509.53,218867
515.21,118056
514.89,93424
512.59,48286
511.18,72546
511.65,55494
512.25,44537
510.52,69612
510.06,97076
506.42,131307
506.27,67389
504.975,59191
505.05,77291
504.29,192722
504.81,126838
504.445,52096
503.22,56157
503.175,39382
504.135,44134
503.915,36511
504.5,16792
504.615,41153
504.22,90369
503.87,106384
503.11,72936
505.535,59098
505.37,136960
506.08,84358
505.345,61981
504.37,58249
502.9,28586
502.13,66489
501.705,66751
500.45,103945
499.92,58679
501.8,62053
502.355,31755
501.91,40116
501.48,38621
500.85,131520
501.85,118557
501.31,42949
502.185,71308
503.415,36993
503.21,33286
503.025,27610
502.57,33697
500.76,81721
500.04,45147
499.545,51019
499.52,29761
499.03,41809
499.885,125492
499.44,157581
499.67,74190
498.34,84021
498.495,47819
497.93,48121
497.26,66609
495.37,77804
497.25,53727
496.84,35601
497.16,44205
495.63,73314
494.82,82177
495.24,188511
497.85,81807
497.655,50305
496.475,33453
496.025,54665
496.43,39952
497.42,44039
497.805,42751
498.39,56334
500.03,56474
501.48,60829
502.095,57485
501.23,46192
500.46,177763
501.86,107618
503.12,62052
504.37,64217
505.25,35561
504.78,56030
504.365,32137
505.315,21726
505.185,21304
505.325,61135
505.975,19743
505.925,34778
505.78,30323
505.24,174444
506.54,72671
506.24,46221
506.315,41854
505.235,58464
504.585,28806
503.755,29110
503.685,32899
504.32,38618
505.24,33280
506.34,24288
505.055,13431
504.42,29775
505.815,89831
499.1,164885
498.17,112574
499.62,36480
498.43,43315
499.7,88541
500.21,61343
501.36,43778
501.92,38232
501.645,59981
503.52,69851
502.16,34753
502.49,33995
504.125,115381
506.42,82186
507.97,42965
508.14,49653
508.815,32147
508.35,54429
508.605,21250
508.81,33678
509.545,16869
509.625,24849
509.245,27222
508.97,28454
509.345,20617
509.505,135853
510.26,74741
509.535,24920
510.39,17935
509.81,9672
509.405,16793
509.675,17638
510.25,19355
509.94,11226
510.39,20081
510.125,15879
509.61,28018
509.14,75114
508.635,112638
508.33,75289
509.32,23650
508.325,28404
508.63,60063
506.91,48818
506.57,35037
506.66,67735
505.28,41165
505.255,41777
506.105,48585
505.305,54783
504.795,53705
504.775,164007
501.38,49095
500.83,38211
500.805,30846
501.265,46006
500.82,22431
500.18,28254
501.045,33012
500.48,15638
500.775,27166
501.6,151263
503.06,155504
507.55,74882
506.125,279683
504.155,64907
501.98,32215
502.01,28467
502.435,30168
502.11,13938
502.815,17028
502.235,28022
502.385,13350
504.205,37133
503.835,24463
504.475,23443
505.44,36342
505.165,171387
511.16,112445
512,137632
509.77,35672
509.21,21726
509.855,38235
510.55,42785
510.915,34748
510.685,24479
511.14,27089
511.34,16743
511.77,40881
511.505,62237
511.64,157370
513.775,131654
514.21,73286
514.33,46222
514.315,43046
514.1,34939
514.35,32581
514.185,47157
514.68,34956
514.58,30440
514.885,35236
515.545,35282
515.395,60348
515.085,209187
517.55,58404
517.23,55768
517.255,46097
518.175,52517
517.97,40239
518.055,20150
518.06,33257
518.015,29473
518.37,45739
517.06,35201
516.73,42447
516.965,33856
517.175,365328
515.625,51846
516.42,29027
516.905,42300
517.45,23368
516.95,16482
516.8,18116
516.85,10051
516.54,25101
516.235,12308
517.09,12606
517.22,20245
516.945,39359
517.29,140873
517.435,94941
517.58,70080
518.315,54834
519.18,44006
519.4,20049
518.465,31537
518.78,23633
519.215,36514
519.47,23420
519.16,21592
519.455,34823
519.845,41826
519.61,289159
521.8,100469
522.35,96581
520.76,33074
520.495,35258
520.55,32085
520.265,28383
520.405,75012
520.525,25767
520.15,26699
520.745,36123
520.5,20985
520.74,27002
521.04,147966
522.615,82221
521.695,54983
521.61,22207
521.27,33336
520.77,29289
521.095,32390
521.295,17176
520.82,28587
520.85,17924
520.565,26153
520.785,27930
520.865,26679
520.735,156704
521.185,81582
521.26,63118
522.25,28627
521.85,21786
521.895,10313
521.045,53527
520.905,36763
521,16903
521.05,30295
521.255,51309
522.31,65929
523.275,65667
523.4,182800
525.77,69331
525.725,66471
526.42,54579
527.21,37160
528.075,43867
527.84,30424
528.035,50829
528.555,31426
528.76,30170
528.92,51273
528.99,31843
528.98,40915
529.04,324882
529.88,77904
530.16,39025
530.635,29092
531.44,43526
531.16,21111
530.77,16208
530.295,32659
530.725,29265
529.85,39245
530.055,25081
529.49,30092
530.105,35093
529.89,251362
528.93,21063
528.72,20706
529.115,71792
529.03,19003
528.7,17261
528.85,13816
528.49,23530
528.765,70343
528.78,10900
528.645,33324
527.91,27456
528.8,33669
529.21,294406
529.56,60986
531.15,35076
531.28,32448
531.185,32071
531.405,26428
531.01,21215
530.78,15752
531.2,33888
530.31,26365
530.24,37978
530.18,33960
529.895,66899
530.265,252328
529.31,37535
529.595,22918
529.975,38381
530.32,33007
530.48,33870
529.97,74132
530.2,32595
529.93,28679
530.14,49212
530.76,20091
530.39,17565
530.42,35848
530.815,202715
530.71,38880
531.27,29097
531.085,22361
531.125,24609
531.04,18516
530.695,20252
531.045,14669
530.87,17477
530.915,107012
529.62,54131
527.94,31943
528.53,51188
528.745,105515
532.96,109424
529.865,31514
530.47,51816
529.01,49178
530.555,98490
531.085,17476
531.25,29831
529.56,38562
529.43,41693
526.57,99886
525.67,60390
524.91,49628
525.2,157573
527.87,117879
527.425,38773
528.62,30908
529.075,49085
529.74,34455
529.45,16374
529.72,30483
529.28,13877
529.55,66156
529.52,48115
529.36,25396
529.055,38718
528.9,120164
530.32,74420
529.255,46611
529.475,28491
529.9,31876
529.87,15732
530.04,17633
529.755,27454
529.76,34208
529.36,38934
528.725,47206
528.25,60629
528.215,43083
528.38,269038
525.63,77047
526.19,64152
526.865,46931
526.92,45245
526.41,30717
526.5,70692
526.82,21715
526.89,21096
526.89,31954
527.03,25796
526.57,35788
526.15,44468
526.78,228685
524.31,67489
524.48,68341
523.91,46196
523.42,39291
523.925,39007
523.715,27551
524.05,30256
524.635,28004
524.975,18695
524.67,26983
524.165,33710
524.09,54502
523.4,342693
523.63,59831
523.19,115560
521.06,72862
520.885,38572
520.07,30837
519.67,68974
518.9,40028
519.53,41274
520.9,36651
520.85,32631
520.79,29897
521.465,59157
522.225,782165
529.05,96452
527.92,53499
528.22,99133
526.03,24458
526.44,6565
526.245,19656
523.945,15626
523.605,17287
524.735,12818
525.23,17078
525.3,18627
525.77,26985
526.175,151432
526.545,70942
526.64,52058
527.02,56308
525.94,44991
525.83,17667
525.33,35064
526.005,39755
526.465,21123
527.08,19180
526.81,63616
528.92,40539
528.36,27848
527.575,76871
530.79,95160
529.7,109365
530.335,57983
531.035,48777
531.93,42062
532.025,40876
532.12,37715
532.655,32607
532.82,27396
533.235,29471
533.5,74131
533.8,47030
533.65,188964
534.9,98337
534.36,55848
535.03,59025
534.575,42759
534.4,36295
534.15,49481
533.685,25512
533.425,39969
534.14,39554
534.18,57155
533.57,29448
534.405,40092
534.485,83840
533.3,48756
534.06,95156
534.62,48971
535.075,19746
535.09,19370
535.035,29371
536,25328
536.3,76540
536.2,30228
535.84,60723
534.58,14947
534.76,30066
534.56,125460
533.25,45428
533.105,48923
533.615,62624
533.755,32526
534.45,116320
534.645,22821
534.79,7574
534.855,10894
534.29,43998
535.305,16833
534.47,38708
535.005,38927
535.58,350102
534.08,54432
532.745,46624
533.68,25801
534.735,22267
534.585,56224
533.725,24331
533.81,10090
533.87,57844
534.25,44957
535.125,23154
536.21,23027
536.315,26210
535.815,72509
541.625,132669
542.68,64029
543.83,72292
543.03,33591
543.135,14874
542.825,22246
542.53,25093
542.82,25206
542.915,42013
541.535,83299
542.75,49912
542.485,106070
541.005,173743
543.12,90726
542.12,51129
541.04,27872
540.57,26819
541.22,32954
540.945,37401
539.715,35090
540.74,23940
541.815,18082
541.645,36819
542.165,29809
542.38,35836
542.5,161055
540.89,62836
541.1,65315
540.78,59506
541.19,20496
541.45,25942
541.31,44027
541.12,26414
541.91,28768
542.08,22905
541.77,30492
541.905,23571
542.045,41194
542.32,155978
542.075,41959
542.105,35539
542.31,40788
542.985,41451
543.83,20867
543.795,42770
545.46,30299
545.58,36794
546.375,59295
547.41,49555
548.06,38908
547.77,47569
548.19,224523
547.14,86474
547.505,30475
547.42,20420
547.125,18506
547.05,17850
547.775,22286
547.355,19266
547.84,22750
548.04,35653
548.1,36930
547.76,23043
548.015,40712
547.905,182611
549.425,56976
549.6,54804
548.98,48663
549.24,29270
548.72,27490
548.325,59320
546.975,74135
547.185,46941
546,83255
547,36537
547.98,30466
547.14,65492
547.1,303127
544.36,125041
543.975,47344
544.32,53517
544.795,38738
544.38,36873
545.59,31802
545.23,47514
544.54,32371
544.02,55689
543.965,46550
544.675,37074
544.34,51100
544.42,451047
544.37,75628
545.61,146977
545.39,64801
546.01,45361
546.15,16308
546.145,18583
545.91,22606
545.22,26655
544.235,26467
543.95,23121
543.765,37045
544.315,39555
544.24,241933
543.77,45234
543.43,17882
544.085,16113
543.69,24153
544.095,10516
544.295,18533
543.46,10051
542.85,16059
543.645,12316
543.995,26598
544.84,29918
544.315,33772
544.93,151466
543.635,30930
544.105,25887
544.075,26762
544.295,21893
543.905,17180
545.17,16037
545.095,18905
544.73,13219
544.525,13638
544.815,9584
544.76,17439
544.59,14475
544.495,111174
545.55,20166
546.16,20025
546.25,14814
545.96,21977
545.2,14110
545.25,18404
545.86,22151
545.69,22086
546.295,14124
545.78,9939
544.795,26217
545.36,19158
545.795,148903
547.105,91703
548.08,80303
549.535,85799
548.375,99336
547.825,59306
547.705,62770
546.995,56324
546.085,27229
546.3,22167
545.99,23710
545.41,44751
545.095,101398
544.89,254321
545.54,78878
545.24,106203
544.37,42643
543.31,22027
544.19,28180
544.34,58072
545.215,31769
545,27503
544.955,14267
544.925,49543
544.795,44950
544.78,60623
544.33,138190
543.74,38912
545.2,13385
545.315,26389
545.715,15789
546.17,15649
545.61,8251
545.795,6577
545.98,18773
546.535,20940
547.32,17816
547.725,21274
547.64,29605
547.925,126846
548.84,77609
549.69,90957
549.155,43581
549.82,53934
550.05,27543
550.4,67845
551.095,195452
551.46,100
551.46,0
551.46,0
551.46,0
551.46,0
551.46,0
551.77,60960
552.53,21324
551.96,23408
552.42,38752
552.885,15691
553.56,13424
553.37,7103
553.49,13720
553.9,16543
554.35,23017
554.01,20654
554.38,34075
554.335,146662
555.35,51883
556.03,33848
555.455,33175
555.195,29868
555.38,41675
555.1,20919
554.59,18460
554.79,18617
554.94,27781
555.21,16289
555.155,28358
554.955,20311
554.575,162456
556.355,45798
556.69,25865
555.935,28726
556.34,22253
555.995,10618
556.51,7142
556.67,13789
556.64,22455
555.96,17283
556.075,23027
555.775,28438
555.835,21013
555.71,129583
557.13,42973
557.385,30991
557.345,22235
557.005,22541
557.695,34000
557.915,38227
558.97,49228
559.31,22751
559.47,11967
559.775,14189
559.585,19572
560,24908
560.01,213612
561.43,81873
561.835,92985
559.75,77189
558.45,41309
557.31,76327
556.75,40772
557.16,51808
556.48,39148
556.88,29942
555.96,25243
556.31,37636
557.16,55057
556.685,252007
557.61,63890
558.865,52197
559.88,39565
561.15,38278
561.76,39016
560.625,28879
560.66,30337
561.54,28445
562.39,46054
563.02,30458
562.995,23184
563.23,34990
562.77,215989
562.18,83854
562.04,26351
562.77,23816
563.615,32601
563.795,30701
563.715,35328
562.81,21339
562.46,28678
561.44,17898
561.05,24333
561.77,16187
562.185,48174
562.05,164778
562.96,47585
563.23,43843
562.56,28658
563.225,21545
563.505,14795
563.17,15467
562.52,13305
563.4,16678
562.7,34252
563.135,29952
563.31,29320
564.49,61272
564.385,145784
559.01,123301
559.84,95709
558.675,41571
558.2,68433
558.51,40221
558.4,54416
557.315,63044
557.94,38258
557.33,36155
557.25,67734
558.04,44140
557.45,49220
558.065,259515
558.61,93721
558.705,97223
558.69,93008
556.82,56227
553.79,78007
552.97,31795
552.83,45457
554.3,27802
554.38,17914
553.645,41011
552.6,54614
552.36,74394
551.43,200885
552.375,103102
552.9,41452
551.23,40436
551.235,41480
549.67,67349
550.98,29603
550.07,43962
549.28,50624
548.48,47544
549.235,62322
548.6,49467
549.11,52991
549.97,343960
552.97,91752
552.695,44976
552.88,46435
553.78,55274
551.41,53461
551.75,8872
551.935,14332
553.6,14360
554.14,26159
554.51,30295
554.64,26723
554.685,18548
554.54,139729
554.685,79206
555.64,30156
555.845,25587
554.9,23181
556.43,22801
556.21,20208
554.96,23574
554.61,10207
554.5,7159
555.37,15462
554.92,20331
555.03,11825
555.13,80155
548.8,100079
546.72,103567
545.97,75419
545.685,41938
544.745,43260
544.39,39816
544.14,69711
543.88,65417
544.16,26264
543.945,48741
543.38,65067
542.505,59037
541.745,367793
541.32,90248
539.69,189544
540.58,89140
542.79,75610
543.135,34644
543.93,97054
546.17,44043
546.27,48360
544.73,33926
544.48,28215
542.97,70067
541.01,43459
543.19,158666
542.37,113939
542.5,40574
543.42,51642
543.33,12195
543.515,23827
544.995,20634
545.665,26985
546.845,20006
547.02,33802
544.86,18529
544.47,26875
543.52,36006
544.6,250007
546.17,129635
546.635,26014
545.065,16956
544.25,23832
543.66,29636
545.66,21419
546.01,6884
546.105,19302
545.27,22558
545.345,15166
544.93,21389
544.91,35838
545.495,180370
546.25,73918
546.24,42541
544.775,38943
543.735,81350
542.215,56288
540.6,42927
540.8,43292
538.94,55297
540.495,32770
541.34,16909
541.92,40579
541.38,47750
541.61,169880
549.16,112413
548.87,59256
550.43,46479
550.57,37020
551.17,23395
550.66,15615
550.395,21020
550.12,42624
550.32,56342
550.44,31156
551.015,55502
553.1,151937
549.56,337821
552.59,88777
553.96,66208
549.77,67906
547.56,58634
546.17,66526
544.635,67494
544.89,82792
543.66,37393
542.21,96076
542.4,124680
540.21,76071
539.93,77405
541.68,235222
535.75,137201
534.165,139874
530.495,78819
529.3,96052
529.38,186111
532.24,66301
532.49,65066
531.56,50460
530.5,38521
530.2,47773
531.74,40421
531.12,61964
532.35,228337
511.49,325895
516.72,125610
515.34,64769
516.5,80198
519.675,117477
520.67,51956
523.24,42501
519.19,37255
519.605,35686
519.01,57518
518.83,106297
516.02,62553
516.45,358549
519.56,104359
521.53,66181
523.09,39933
525.14,31088
522.58,29224
525.95,32054
526.22,25541
527.65,20892
528,45975
527.96,49442
528.73,39075
527.48,53538
526.75,235840
528.54,78597
531.19,52737
528.645,28915
530.775,23713
529.61,37885
527.96,36118
527.58,21439
524.96,44964
523.8,29678
521.845,53833
520.48,74610
519.71,56706
521.005,228981
523.98,92811
524.78,56979
527.9,49259
528.17,24548
527.87,31584
527.64,36470
528.42,25388
527.87,26983
530.01,39878
530.21,39720
530.365,31993
530.12,51993
529.27,360622
529.815,56425
529.07,67659
530.595,31306
531.67,16576
531,13508
530.38,17192
530.42,10082
531.71,23527
534.06,24440
532.555,23949
532.18,19989
532.56,25894
533.04,130811
534.32,63532
531.41,35501
534.215,39507
535.24,51411
532.84,34416
534.76,21066
534.18,13923
532.635,16641
533.63,24999
532.395,19772
532.6,16315
533.17,20506
532.84,151928
536.585,86188
537.78,63518
537.155,36627
538.34,43936
538.77,30127
539.03,51072
539.59,42226
541.02,48245
540.755,29245
540.695,33703
540.835,37661
541.37,56182
541.2,262232
542.95,77961
541.39,50444
541.885,58864
542.45,24928
543.27,52772
544.53,46283
542.69,26283
542.86,16065
543.165,9481
543.16,12182
543.39,18237
544.22,34778
543.05,197753
549.76,165636
550.18,93230
550.42,62220
550.92,59101
551.395,39675
551.64,43408
552.62,39298
551.89,26710
552.13,31532
552.64,51287
552.86,32688
552.87,64131
553.06,345207
551.36,44801
552.28,51201
552.95,43310
552.15,59072
552.78,24710
553.26,31677
553.89,26767
554.88,19922
554.555,22481
554.53,17130
554.29,17730
554.54,26530
554.04,109521
554.75,55241
555,50884
555.285,49852
556.53,26295
556.49,19217
556.03,17750
556.71,28176
557.24,27558
557.145,37026
557.51,34813
557.735,29848
558.155,57709
558.18,193779
559.16,68252
560.72,50746
559.11,42769
558.43,30590
557.91,34057
559.29,39716
558.545,21007
557.95,41197
558.18,25846
558.26,39974
559.4,26635
559.08,28102
558.665,112904
559.765,59235
560.47,52170
560.265,70565
559.16,25747
559.95,31126
558.69,44628
559.505,22422
560.27,11360
560.07,42559
560.46,24781
561.265,49671
560.77,49492
560.1,152604
562.56,112568
562.4,58545
561.06,28706
560.65,29322
559.095,49331
557.76,31367
559.675,28277
557.48,27244
557.63,31567
555.48,43561
556.98,18388
556.28,47609
555.88,340095
559.59,65278
560.49,81815
562.64,87588
560.1,39898
561.805,35738
560.125,38701
558.525,34448
559.32,13302
560.29,36382
560.32,28738
560.71,27058
560.72,42137
562.17,165918
563.43,108818
563.045,45243
561.83,54410
561.15,39440
560.6,33203
559.75,30805
561.18,29645
561.49,22149
560.89,38447
559.37,31144
560.255,28006
560.71,41205
560.305,208476
559.46,74422
559.94,82743
561.01,34982
561.65,29127
560.55,22333
560.63,6035
560.6,12975
560.805,11718
561.95,12026
561.9,17825
561.71,13958
561.58,20398
561.49,130745
561.195,31376
560.965,26141
561.075,37057
559.6,55564
558.29,147812
558.42,39733
557.45,20643
558.555,18047
557.9,29278
555.445,30825
555.7,24043
558.17,36244
558.55,125609
560.27,96798
561.26,42408
561.84,47952
562.235,37935
562.23,23496
562.445,25003
563.37,25157
563.11,21200
562.44,27908
562.7,26629
560.41,64264
558.425,36831
559.19,175515
560.64,78473
561.81,31271
561.285,46871
559.955,99616
559.2,158998
558.57,56338
558.21,27073
559.15,13262
558.94,11908
558.78,53696
559.705,48489
560.64,66099
561.87,250076
560.475,67639
559.09,92574
557.16,62298
555.35,45942
556.405,27600
555.62,30927
555.6,24503
554.935,24367
555.53,33843
554.26,45170
553.08,54395
552.79,53785
552.575,248135
550.06,161802
551.89,115752
552.44,77261
554.13,49853
551.9,31218
551.805,30166
552.45,22819
552.3,21904
551.23,31185
550.87,31912
551.19,34806
550,41450
550.64,204051
551,100952
552.205,62758
553.1,48111
550.44,44406
547.95,41082
547.65,51092
548.57,21260
548.725,21388
547.81,30010
550.75,41812
549.995,28670
550.1,41425
549.32,146889
550.005,125391
547.84,76935
544.8,123481
542.23,127810
541.52,61452
540.6,49557
539.97,36687
540.16,46824
540.83,29558
540.77,29148
540,41404
540.52,52571
541.27,295428
544.68,97305
545.325,72687
544.72,47164
543.335,30710
544.21,43693
545.945,45211
546.89,40486
547.585,27142
547.285,26532
545.73,26059
544.86,30126
544.99,41548
545.59,134211
548.365,68991
547.89,78119
547.11,34610
546.37,35142
547.49,47783
544.105,44768
544.18,33681
545.135,54738
546.33,52811
547.1,32701
547.875,52084
548.2,54451
548.62,147787
548.69,86257
544.22,67977
541.1,152665
540.955,74405
542.46,69580
544.495,175695
546.89,30815
547.43,50861
549.175,74371
549.91,65931
551.03,56576
551.53,87908
553.305,237298
555.085,109162
553.76,54321
555.81,57688
554.37,37073
554.95,42370
554.525,31871
555.385,34354
557.11,61000
557.9,57470
559.145,47851
559.07,68238
558.58,92629
558.625,246163
559.71,137046
561.045,72642
561.115,75749
561.85,48327
561.93,43572
562.65,43525
561.565,43847
562.17,39217
562.73,34614
562.58,41208
561.365,26799
561.21,41772
561.78,100641
561.79,60453
562.81,49229
561.45,36914
560.6,24904
560.93,14153
561.09,26215
561.39,35233
561.52,18745
561.73,27313
562.51,25780
562.57,25772
562.65,30315
562.24,106654
565.11,70707
564.51,72253
566.06,66906
565.11,34411
565.16,33163
564.97,45125
563.48,53525
561.9,30078
562.68,41273
562.585,32953
562.56,30268
562.05,40064
562.08,204676
563.71,25284
563.01,37058
562.61,16870
562.81,13625
562.635,18326
561.47,9368
563.01,22359
563.625,15946
563.73,41190
562.46,161084
565.92,77919
563.75,61910
564.92,150008
571.04,125092
569.78,81080
571.35,106526
569.94,66386
570.91,29445
570.345,63737
571.7,34251
571.5,45124
571.91,47622
572.485,75399
571.93,50839
572.01,54470
571.15,248336
567.86,126071
567.18,110963
567.23,67662
566.31,62495
565.935,60899
566.905,49241
567.945,56085
568.14,45608
568.31,65166
568.07,78798
566.56,143508
567.485,39367
568.235,223475
569.27,59570
568.79,33055
569.71,36826
569.865,21347
569.845,27313
569.41,32853
568.96,31984
568.64,15727
568.84,36071
569.27,18189
569.4,21822
569.435,34937
569.51,129188
570.48,100205
569.21,66195
568.275,37432
569.495,36196
569.88,35702
570.74,18010
570.41,42535
570.44,22164
570.77,21871
570.47,20293
570.01,19662
570.44,24427
570.63,241055
571.145,37751
571.58,23842
570.92,27120
571.21,19581
570.695,40198
570.71,27845
570.59,36750
569.97,50294
569.73,47924
570.28,33300
570.025,28820
569.95,18297
569.835,141903
574.58,101070
573.54,30316
572.61,47943
571.08,43268
571.17,20457
572.41,36312
571.245,25378
570.97,22777
571.185,23121
571.55,29402
572.37,22379
572.22,44404
572.12,192050
573.5,74972
573.1,77946
573.865,28836
573.645,16820
573.195,22420
572.435,20001
572.25,14581
572.265,23152
571.77,26065
572.42,29450
571.25,43573
572.19,26012
571.96,216632
570.505,41568
570.525,43938
570.98,49909
571.26,33541
571.62,19935
571.575,26336
571.87,17616
571.475,37486
571.05,36756
571.585,69765
569.14,39402
570.43,45894
570.895,337400
573.435,150581
568.895,111840
567.17,80229
568.05,66932
567.79,66525
568.27,34310
568.75,68638
568.34,102926
566.44,121042
569.295,39298
570.445,38355
570.43,24609
570.065,143511
567.71,78153
567.07,48482
568.2,34567
568.235,29080
569.65,11132
569.51,14997
569.45,12521
567.865,24730
568.04,20429
569.15,13032
568.42,20920
568.865,13349
569.11,72068
567.38,66359
568.17,117744
566.92,52854
566.655,31942
567.51,25769
568.49,19975
568.36,39409
566.28,57453
566.42,36110
567.16,39101
566.93,25482
566.475,51767
566.54,180530
572.35,89902
570.14,75201
568.83,62065
570.1,29366
568.735,37265
570.5,35553
569.77,37254
571.05,31520
571.07,49741
570.27,28161
570.77,28049
571.37,34601
572.06,137274
571.26,91430
570.72,38389
571.465,26094
571.22,24921
571.63,24106
571.15,18546
570.94,13001
570.64,20617
570.175,30409
570.43,22668
569.31,74527
566.83,36616
567.85,198671
570.41,100271
570.9,49382
570.85,90336
571.86,28547
571.9,29416
572.13,24530
571.96,40466
571.97,44065
571.17,11809
571.75,15231
571.935,20628
572.69,47384
572.78,150813
573.16,57599
573.53,37302
573.99,41612
574.96,42343
575.735,40082
576.905,38997
576.245,23848
575.875,15495
576.415,25964
575.67,23251
576.315,31581
576.085,25112
576.76,159736
575.72,88302
575.45,81481
575.94,36418
575.36,32275
576.3,24090
576.93,19252
577.04,34868
576.155,30590
576.445,44828
576.195,25055
575.31,48783
575.36,32868
575.38,115609
575.955,71055
577.23,64146
579.76,30097
579.125,28110
579.13,16503
579.635,24730
578.68,29704
578.89,21689
578.88,18129
579.14,21868
579.51,31373
579.6,31151
580.055,126275
581.215,55315
583.44,42003
583.455,42613
582.82,24306
582.72,23101
583.425,12695
583.735,30949
583.8,23437
583.675,10412
583.5,18894
584.04,25535
584.22,28420
584.52,246583
584.64,57695
584.3,52120
583.17,155370
581.92,32607
582.25,29386
581.47,23014
582.15,13368
581.76,15210
580.93,29181
580.87,26333
580.595,34361
580.04,61794
579.415,288222
579.785,43222
579.16,96414
580.835,30842
580.185,32877
580.565,19953
580.255,13284
580.835,18422
581.51,22721
581.18,7726
581.605,19778
582.6,14599
582.37,14468
582.22,80938
585.93,104712
584.26,42303
583.835,29573
583.14,30324
584.075,40993
584.73,20865
584.245,16232
584.48,14581
584.215,11183
584.4,41371
582.625,26665
583.35,31609
582.62,152166
584.09,58279
583.17,81118
583.58,34256
583.41,36681
584.35,35509
583.9,22197
584.17,37389
584.66,26196
584.61,19323
584.565,34509
585.2,10348
584.76,27960
584.44,93427
583.91,36948
584.08,51628
583.95,87279
582.54,47412
580.775,65840
582.39,18157
582.19,12070
582.895,18619
582.96,21502
583.28,26386
582.62,21493
582.33,28221
582.875,111435
581.05,34096
581.37,34121
581.53,31810
581.975,27630
582.125,12390
582.01,10542
581.84,31032
582.58,13379
582.71,22447
583.945,24457
583.66,17136
582.95,23062
583.66,69526
581.32,56539
581.29,61417
580.95,51142
580.49,40768
578.86,35067
579.7,33470
577.95,25082
578,66335
576.83,37295
575.9,50868
575.44,69623
577.1,47970
577.29,175314
580.02,106675
579.33,50278
578.97,49376
578.85,41373
578.615,39336
578.06,48923
578.05,23205
578.845,25783
579.055,29339
578.38,38180
578.84,22417
578.74,52969
579.41,132372
581.595,78483
583.48,64590
584.185,48436
583.66,54579
582.51,33941
582.055,20566
582.7,20425
581.98,67991
580.33,51659
579.28,62451
579.74,27755
580.09,44205
579.55,197010
582.62,96471
581.625,63143
582.39,54788
581.98,37341
581.59,26822
580.86,14607
581.53,24185
581.08,14446
581.37,16963
581.6,16621
581.33,21108
580.88,28436
581.485,213929
579.865,101199
579.71,148926
580.48,38410
581.28,22365
581.025,19851
581.57,35811
581.39,28814
582.05,31768
582.02,22465
581.92,31984
582.44,34316
582.445,32233
582.755,249737
581.295,111011
581.93,48282
582.71,28428
582.36,43050
582.73,36945
583.05,16925
582.51,20536
581.975,45880
581.44,58538
580.65,35402
581.095,30225
581.105,47019
580.66,318684
575.5,167116
573.71,162154
571.98,110759
571.095,67587
571.06,60900
570.945,60354
571.48,45064
571.36,34922
571.125,52203
570.405,57373
570.485,94075
570.72,93022
571.28,245998
571.26,94514
573.18,130511
575.5,65817
574.39,30068
575.225,34486
573.95,24740
573.395,28025
573.14,35674
573.68,37454
571.58,36453
571.88,25379
572.195,36132
571.71,244581
571.17,77404
571.45,58321
572.06,48110
571.68,46949
571.12,63705
568.88,53157
570.06,21659
570.43,20136
570.37,19918
570.75,28117
570.23,35373
570.4,41975
570.13,169430
570.68,78602
574.14,85835
574.075,50857
574.08,37095
574.81,47236
575.4,33457
575.69,18331
576.03,35880
575.395,36449
575.25,29907
575.42,43779
574.81,52128
575.645,213168
589.22,207096
586.13,141673
588.84,101935
586.98,61744
588.26,65936
588.695,56182
588.66,46611
589.15,48065
590.27,71279
590.295,69575
590.5,75406
590.515,101408
591.12,297799
593.21,74873
593.96,66691
594.285,58616
594.88,61284
594.615,50850
595.04,65382
595.21,24729
595.335,53641
594.845,49106
594.755,62563
594.715,51650
595.95,82122
596.13,228423
596.26,70876
597.21,63395
597.4,51999
597.745,40315
598.03,50163
597.885,39214
597.635,44919
598.095,21007
598.19,41878
599.015,26871
599.205,29291
598.92,52320
598.3,217025
599.91,98104
599.16,85193
599.04,54006
599.72,59822
599.12,45441
599.37,36871
598.79,40436
598.13,51528
597.82,32347
598.23,41538
598.155,37192
598.235,36127
598.265,249113
598.65,69534
598.96,69064
597.94,52009
597.27,31336
597.15,35553
596.455,26643
596.45,25521
594.645,35402
595.825,58735
597.405,56568
598,36251
598.01,69621
597.31,183278
597.41,118489
597.035,54945
596.26,51815
597.17,32630
597.97,57497
598.06,56753
598.38,50220
599.145,47148
598.75,33133
598.9,61815
597.925,59446
597.2,52801
597.55,253699
597.38,44694
596.34,47671
596.36,38567
596.15,19674
596.43,17072
595.635,23356
594.77,42323
595.01,32651
595.13,27127
593.87,40854
595.09,23432
595.28,57453
594.3,192363
589.72,79738
588.52,82314
586.77,92769
586.33,77508
587.155,78055
585.715,59877
585.43,49022
585.46,47232
585.3,45141
584.555,61854
584.1,94078
584.945,64086
585.46,122019
585.95,56679
585.8,36722
587.36,53713
588.18,42765
588.86,58750
588.29,25322
588.31,35764
588.64,15871
588.16,44237
588.345,41976
587.29,25651
588.13,27764
588.34,168655
584.74,66486
584.97,56862
586.39,40126
587.735,30017
588.84,29033
588.785,40476
588.955,28380
589.08,23284
589.495,28247
590.935,32574
590.135,55454
589.62,35078
589.845,124072
590.44,77062
587.43,107132
585.77,75774
587.37,41488
585.925,44166
588.36,31787
587.09,36590
587.18,20777
587.6,17950
586.76,20034
586.63,25508
587.415,27109
588.66,221860
593.4,84523
589.785,76571
587.65,80334
591.74,43932
592.84,26283
591.82,39831
592.98,63963
593.76,34680
594.55,32714
594.465,51501
594.42,32641
594.74,28629
594.93,138661
593.69,115991
595.89,84073
593.75,30835
595.83,35419
594.53,27164
595.05,36214
595.38,29036
595.685,27151
595.44,34691
595.375,29877
594.92,31658
595.37,44469
594.725,145443
599.49,102441
599.21,81176
599.005,42183
597.88,53240
598.025,54408
597.295,53749
596.22,26726
596.47,28057
597.02,35886
597.295,33906
596.955,19189
596.885,39875
597.15,163134
598.815,78019
599.22,43528
598.71,33860
599.25,31451
599.59,32748
599.76,21293
599.39,41759
600.075,33066
599.865,41885
600.1,40283
599.67,32936
599.96,48450
600.305,220375
600.5,59605
600.28,45462
599.34,44673
598.855,55112
598.32,36814
598.03,28362
598.26,21310
598.34,18698
598.42,32017
598.955,19088
598.7,29487
598.735,30486
598.545,103398
599.64,72413
600.74,42180
601.51,25870
601.845,46331
602.325,38286
602.64,47450
602.85,208793
602.6,480
602.6,0
602.6,0
602.6,0
602.6,0
602.6,0
602.995,71190
602.98,37596
603.215,40869
602.705,19452
603.325,32792
603.73,30210
603.44,17318
603.535,15996
603.675,26117
603.76,29508
603.415,25199
603.86,30823
604.07,119615
603.45,61046
603.23,41532
602.48,45790
602.88,31366
603.42,26068
602.575,13475
603.025,19795
603.59,25620
603.505,36154
603.38,36544
603.63,46077
604.02,49565
603.93,150506
605.74,51061
605.85,45080
605.645,26208
606.27,16401
606.255,25695
606.345,31611
606.315,22274
606.32,14764
605.765,34957
606.01,30956
606.795,53317
606.905,62517
607.235,249673
607.655,40795
607.78,30799
607.1,69915
606.905,44464
607.62,41248
607.755,49736
608.045,47644
608.32,44421
607.27,44201
607.33,39018
607.095,36928
607.125,70853
606.77,272209
607.47,70842
608.975,47531
608.855,40721
608.68,43178
607.95,20735
607.82,28511
607.72,20978
607.35,34039
608.01,22580
608.01,113435
607.14,42678
607.34,66796
607.61,170236
607.59,72622
607.45,75630
606.365,78515
605.38,102674
605.75,58196
605.99,31339
605.57,30521
605.335,25791
605.68,45552
605.995,49168
605.37,47954
604.99,87142
604.51,325855
605.36,71293
605.13,72807
605.08,62446
605,62073
604.63,34059
604.53,31137
604.5,32549
604.295,51575
604.34,16423
604.04,44115
604.015,34360
603.65,50510
602.7,252680
605.77,74948
606.62,73547
606.57,37574
606.755,49111
607.475,31300
607.73,50656
607.75,22205
608.16,25509
608.315,46340
607.81,53684
607.925,45866
607.94,37957
608.065,158929
606.59,76386
606.2,102994
606.56,39604
606.84,36308
606.91,31742
605.805,60693
606.51,17755
606.78,26189
606.51,29465
605.725,53576
604.935,52714
605.07,37600
604.9,174209
606.35,86335
606.17,63858
604.99,49913
603.45,55960
603.68,58504
603.785,36469
603.145,45584
602.92,31655
603.91,26324
604.095,28346
604.41,24916
604.295,34671
604.25,137983
606,57358
606.3,40739
606.41,36467
606.73,20942
606.73,35618
606.93,13735
607,50673
607.22,89357
607.71,44635
607.605,54441
607.335,52852
607.465,63606
607.56,274446
604.18,89825
604.29,91982
603.31,87383
603.935,51048
604.33,35856
604.94,43605
604.535,46136
604.675,33349
604.225,56683
604.24,55856
603.67,105662
603.39,107450
603.15,309421
603.975,57693
604.6,47377
605.38,51621
606.02,46914
605.64,43922
605.77,74429
605.565,26136
605.52,18862
605.32,35937
604.48,151625
600.1,121126
596.44,208013
593.11,628599
591.355,164965
590.635,108105
588.66,89986
589.67,132369
590.75,62431
589.82,46390
588.01,71685
588.865,48997
589.56,54193
591.16,96360
589.25,64508
588.17,80689
588.675,289210
581.77,137519
582.58,180551
586.98,150828
588.22,125517
592.275,135168
594.335,74815
595.61,48265
594.53,59812
592.145,52956
592.06,62527
593.32,46768
592.67,152495
591.81,513449
590.935,68366
590.02,25003
590.02,0
590.02,0
590.02,0
590.02,0
590.02,0
590.02,0
590.02,0
590.02,0
590.02,0
590.02,0
590.02,0
596.11,40982
597.2,62453
598.305,33644
599.14,31460
599.17,32922
599.01,43994
600.14,100105
601.1,1672
601.26,455
601.26,0
601.26,0
601.26,0
601.26,0
599.465,53949
599.88,78568
600.26,48995
600.915,15503
601.03,20921
601.775,8154
601.53,62740
600.99,16397
601.66,28135
601.265,36391
601.105,10417
601.735,27639
601.8,55218
597.47,72859
596.91,188935
593.05,103787
593.9,51133
594.55,88144
592.14,64310
591.5,46002
592.06,35439
592.4,51528
593.9,57933
593.96,31678
595.25,36737
593.54,319142
587.97,95839
585.07,103838
585.14,58078
586.945,33723
588.035,52455
589.3,39563
590.45,29539
590.38,27658
590.485,35211
591.12,27444
590.38,21992
590.9,29609
589.68,113525
589.99,87813
590.04,78141
589.6,31285
588.57,30340
586.91,44047
587.06,46231
585.78,61665
587.23,49008
584.98,45364
585.355,92899
584.88,88605
586.14,107508
587.255,452825
589.39,129843
590.5,67565
587.7,34480
587.74,40141
587.39,25690
587.84,20152
584.45,74801
582.73,51266
582.325,46952
581.87,36066
582.97,24580
582.16,35746
584.64,152390
587.54,94548
588.16,59860
588.06,45014
589.18,22196
589.6,21680
590.57,33706
590.19,24952
590.56,19562
591.5,34954
591.26,22932
592.03,26964
591.905,47582
591.82,140131
595.955,107411
597.89,54339
598.905,45134
598.88,46526
599.53,57540
599.465,27905
598.48,62739
597.75,41684
597.42,45763
595.78,46933
595.25,47295
594.21,51347
595.07,150984
597.435,62157
595.59,98741
593.68,96013
593.46,53088
592.85,43720
590.73,51494
590.58,40924
590.91,43806
592.18,22255
590.97,29129
591.04,41486
590.045,81322
588.08,246583
588.68,87439
587.18,75630
586.46,65668
588.38,37134
588.29,60840
589.4,22398
585.66,44390
587.19,29264
589.1,33062
587.45,51961
590.26,53668
588.56,29051
589.12,143694
585.87,98114
582.68,113132
581.71,67868
581.295,48878
579.82,64042
579.02,51778
580.05,64455
581.49,65913
583,44255
584.15,50992
582.45,32276
582.08,87412
580.295,224143
575.76,84706
577.84,65684
576.17,58085
578.055,41618
577.085,29987
576.02,38091
578.165,29115
579.42,36474
579.71,51464
580.09,36552
580.22,51011
580.455,65533
580.07,126676
584.34,128866
582.36,71373
583.26,52318
581.69,77693
580.96,60101
578.71,52013
579.47,46431
580.175,41907
582.02,48820
583.445,42909
582.95,53015
580.68,50902
580.62,184125
590.57,142228
591.91,108276
592.53,85305
591.54,78583
591.01,60739
590.06,34651
591.14,34167
591.115,24128
592.37,32054
592.575,51747
593.11,63192
593.4,99357
593.615,243035
594.06,91351
591.8,56354
592.18,36658
593.405,79913
593.355,58260
593.425,27379
593.665,35928
592.92,29294
591.95,53019
591.41,35807
592.445,40603
592.88,34851
592.475,144020
596.95,105218
596.32,91458
597.12,49094
598.035,39092
598.81,38114
598.02,41831
598.99,32426
598.89,29956
599.03,34103
598.69,39436
598.43,32767
598.22,59065
598.11,228524
600.79,80865
600.18,40518
600.305,41543
600.27,51144
600.715,19239
601.04,34461
601.7,37100
602.43,36504
602.56,41499
602.6,45557
602.38,35532
602.18,52294
602.72,129378
605.93,89096
606.53,62788
606.7,38144
606.545,36410
607.25,33737
607.7,36654
607.595,24287
607.28,32025
607.16,28643
607.03,38885
606.915,40291
607.52,92374
607.11,243108
605.79,51584
606.21,42952
605.75,38756
606.91,77073
607.495,85061
607.22,29002
607.17,24574
607.71,39647
608.075,23195
607.68,31767
607.7,24564
607.71,34368
608.03,146049
609.795,127736
610.37,75724
609.365,34471
609.16,30472
609.89,30228
609.49,27151
609.425,32290
608.58,50616
608.425,40063
607.52,51587
607.4,39527
607.36,56270
607.11,131951
594.82,201062
598.6,127880
598.86,104936
598.01,53498
596.43,41850
596.82,70556
597.64,32378
596.23,27128
596.09,38001
596.625,37736
598.985,74898
597,89351
597.61,301479
600.71,125514
599.03,71733
602.53,65508
603.21,54510
601.39,41894
602.565,43152
603.82,18758
603.95,47812
604.15,34287
603.81,31695
604.12,57049
605.105,82878
605.03,159772
603.715,58496
603.32,62139
603.01,36759
602.81,33470
602.43,27497
602.26,22225
603.11,22821
602.11,37263
602.37,40247
601.42,58324
599.27,86474
602.3,42685
603.36,115073
604.035,99186
604.85,66356
602.595,70668
601.42,54645
602.93,55912
603.87,35905
602.345,40296
603.33,41108
604.08,36515
604.94,36103
604.945,21672
605.68,51293
606.18,261299
607.5,88439
608.14,47426
608.96,56426
609.47,40152
609.08,32458
608.9,49919
609.56,58482
609.04,78891
606.79,126195
605.1,82021
604.625,73849
603.5,92750
601.73,258741
592.51,187837
591.75,298848
596.36,134211
597.75,79022
597.84,82068
597.38,52728
597.32,68664
597.22,53674
597.87,65036
598.82,98906
599.53,48227
599.74,62042
598.51,221160
597.635,120922
599.11,61827
600.44,69965
600.6,68299
601.97,41144
601.36,32319
599.67,35156
600.98,19304
601.16,24197
600.68,34865
602.02,38415
601.52,46121
601.015,165676
600.625,56122
600.1,86459
600.62,55653
600.625,47447
601.3,120278
602.63,42776
602.64,18181
602.675,19732
602.51,30451
602.925,31135
603.255,31502
603.065,48978
603.745,144087
605.99,85527
605.23,35776
604.945,43949
604.63,32235
605.445,29946
605.145,22656
605.07,28729
605.68,26459
605.72,30675
605.08,39774
604.29,59475
603.72,52826
604.785,189901
606.84,119701
607.09,71813
604.35,65016
603.53,51180
602.265,43772
601.28,34521
601.55,22117
602.12,13026
603.24,26200
601.135,25614
600.55,44414
601.1,45206
600.575,118860
604.02,92358
603.375,47823
604.81,46094
605.08,36232
604.35,36044
604.3,16614
603.89,14930
604.58,11486
604.665,31516
604.7,35327
605.23,19386
604.925,15675
604.765,133902
602.56,61259
603.3,40814
604.13,29692
604.74,30793
604.74,42118
604.18,72897
604.31,16236
603.69,41822
604.07,25676
604.69,25254
604.73,32889
605.485,33152
605.29,178369
599.215,105193
601.11,103566
601.465,76105
602.44,70877
600.87,61378
603.38,63808
603.76,32238
604.45,25873
603.535,34919
603.17,44305
603.06,44480
603.97,42547
603.27,128592
604.49,108368
604.92,60582
606.07,45545
607.16,35829
606.58,33892
606.07,21244
606.44,24869
606.17,23926
606.48,41609
607.115,68146
608.18,58710
608.91,61616
609.37,198925
609.94,135145
610.49,54347
610.15,40179
610.54,51752
609.99,30409
610.195,24154
609.27,22221
609.935,19238
609.93,27606
610.485,44190
610.115,35278
610.13,33306
609.68,148984
610.885,81126
610,50182
609.63,36420
610.525,28099
610.34,30940
610.12,19844
610.15,28041
610.35,20882
609.665,39821
609.655,47514
609.18,34626
609.77,37600
609.76,98022
610.055,74722
609.91,34703
610.05,41522
610.15,32639
611.17,24495
611.7,32228
610.96,44228
611.54,33105
611.8,62919
611.48,53448
612.745,27493
612.97,60260
612.16,148142
611.54,88999
608.38,103650
609.19,62443
607.33,48029
608.365,34947
607.445,37738
608.76,39248
608,31913
607.95,19373
608.57,25354
609.14,42107
609.88,36633
609.885,156659
610.21,68892
607.935,76115
606.665,104154
606.92,48836
606.8,35431
606.85,42280
605.755,65820
603.73,113574
602.14,112912
601.81,95243
599.83,128963
599.98,74461
600.7,256473
602.015,152688
598.715,135259
598.01,84264
597.68,79356
600.25,63103
599.895,37835
601.025,42731
600.65,32912
601.34,22281
600.585,48300
600.275,35524
599.82,106355
599.16,337497
597.13,128151
595.25,315074
590.9,127401
592.37,78084
590.91,118108
593.1,68323
593.6,72735
594.84,79537
593.705,46713
594.65,40744
593.34,65154
595.28,52784
595.835,160551
596.02,109379
597.82,94777
598.055,45449
598.995,58097
598.66,58873
597.945,50977
598.65,53743
595.55,70812
593.85,111071
592.485,74213
593.25,60424
592.81,66476
593.56,190604
596.88,165434
592.38,167422
595.58,54402
593.35,45876
594.02,22430
592.385,61524
593.995,45954
593.715,45543
594.64,32260
593.8,53012
590.7,120587
589.225,173425
586.44,337198
585.36,124453
585.91,98694
588.08,76029
589.01,74266
585.87,50117
587.345,44800
587.075,100185
583.5,159259
584.37,63670
583.545,81152
585.615,95542
588.01,156891
589.51,365021
596.18,220119
592.11,116742
594.06,85396
592.68,78707
592.6,74989
593.04,45158
593.85,46216
591.89,122488
588.07,184285
589.01,77753
588.49,142560
586.02,349698
581.24,480495
579.71,349895
575.65,330599
574.41,202160
573.97,99306
573.05,100199
576.03,82289
577.685,102208
576.5,88746
577.425,78748
580.26,123399
581.58,122314
582.81,137790
583.815,512054
576.65,113463
576.79,134704
576,47048
576.6,67680
574.61,81221
575.815,94431
578.78,51230
580.725,73916
578.965,56810
581.39,127287
582.8,62216
582.99,99425
584.05,201014
575.485,104920
574.21,149651
578.65,55819
578.84,55237
578.47,102821
574.295,158581
572.51,97486
573.07,83041
572.53,96007
572.15,87944
570.515,145014
570.55,122993
573.21,216665
570.905,120352
573.55,62185
572.335,126475
570.58,87434
567.745,109808
567.21,123695
567.88,182911
570.395,64218
572.51,39786
575.18,57579
576.55,69525
575.1,80474
575.855,224193
559.27,134264
559.69,155957
556.1,141018
554.33,77120
557.305,38391
557.14,52511
556.29,66487
554.355,86768
552.1,84615
554.26,135077
558.435,147598
561.225,121844
559.68,344177
562.19,157902
558.97,96347
558.985,62864
555.83,189796
556.95,41187
558.78,77209
560.31,47775
558.91,33090
561.495,62034
558.01,46274
560.245,50371
561.03,72143
560.005,191862
558.395,115802
554.925,91500
557.38,61363
556.67,39961
554.25,73487
552.35,49532
552.46,62065
552.68,61671
551.09,76603
550.065,59677
553.02,59995
553.715,87386
551.605,179381
556.13,147625
558.32,128055
556.97,88896
560.3,101916
561.1,88221
562.19,49747
560.505,46862
561.93,70729
561.56,57069
560.94,52119
560.835,47054
561.54,93798
561.89,324506
562.815,138184
565.68,58205
564.475,61355
563.98,83698
564.12,28645
563.85,44256
563.84,51928
564.595,34367
565.87,99921
567.095,139554
568.545,89552
569.1,82886
569.02,224667
564.79,119215
560.64,120817
561.48,100793
560.79,87693
559.99,33843
559.495,69034
561.65,45104
560.86,39972
560.38,39574
560.77,37292
560.67,36679
561.16,69647
561.14,172425
562.83,84601
564.18,70641
564.63,48566
563.375,42481
564.65,47275
565.77,45050
565.54,47539
564.825,53964
563.23,36845
562.76,66932
564.57,76952
568.185,149045
567.17,236623
563.135,74871
566.98,75141
569.48,59885
569.52,30640
569.06,56767
568.095,41796
566.27,24789
566.05,26468
564.735,28561
565.24,23358
564.01,42309
564.71,59903
564.67,227245
559.21,160583
559.82,62290
559.9,69735
561.69,33882
559.775,52770
559.33,58046
562.33,37186
563.35,37153
561.98,30741
563.115,41340
562.42,25475
562.25,55368
562.08,258973
570.76,171726
572.765,98858
572.96,66203
573.54,54460
573.7,47241
573.83,43261
573.27,55168
573.05,40966
573.12,35512
573.07,43405
572.345,65790
573.51,57302
573.96,245130
575.4,78025
574.67,70638
575.81,53109
576.045,29037
575.725,27283
574.81,14486
574.5,29669
574.98,38032
574.175,36517
574.12,48128
574.44,34913
573.975,70393
574.2,141710
575.205,90969
573.64,75063
573.33,36211
573.47,30542
572.54,49493
570.53,35814
571.09,62770
569.56,43441
568.85,52062
568.14,42509
569.27,37121
567.38,75486
567.79,185421
567.185,180789
568.265,61391
569.59,59259
570.86,74480
569.875,63266
567.85,44029
568.69,51518
566.695,43797
566.79,41775
566.62,45712
568,40641
567.59,72337
569.76,252415
565.375,91611
563.88,206397
559.6,130460
558.635,88656
558.785,82566
558.19,44637
557.09,37192
556.505,64338
555.39,64039
556.315,52128
555.845,63126
556.15,53941
555.81,280513
549.83,196721
549.92,131451
549.715,71149
551.72,87114
552.505,36050
553.37,49006
554.445,43804
553.135,64284
553.625,30402
553.16,143606
556.885,120238
556.395,131307
557.34,357621
557.45,79778
557.23,104682
555.05,112666
559.54,86923
560.87,43207
561.41,44108
560.58,82114
560.68,50610
559.43,60228
559.15,67615
556.75,65104
557.53,67753
558.36,211911
555.08,95475
558.49,62945
560.81,86190
561.31,46931
563.27,83599
562.12,45947
564.32,72009
565.69,66331
566.03,82977
564.04,69151
561.035,57130
561.56,48384
562.71,223226
545.13,253599
544.22,277113
543.42,145713
540.075,167607
541.82,151745
543.51,108185
545.95,114622
543.46,74963
542.22,67638
542.02,107315
540.86,83165
541.46,184191
539.05,611187
523.64,316468
522.76,322037
516.265,308627
515.31,397939
516.58,139675
515.31,86929
512.46,139422
512.05,166260
511.16,167603
514.58,196751
508.94,138677
508.01,184905
510.2,521675
489.14,449222
495.39,1044414
499.09,327215
506.14,327309
494.33,164374
499.28,70921
499.5,96796
495.61,134346
504.925,195606
509.2,114685
505.46,74069
502.98,162427
500.645,407634
521.95,403242
522.595,208193
523.36,148757
517.77,139635
514.23,134842
516.605,96461
514.32,202003
507.25,195653
502.44,151263
506.65,92609
502.58,173899
501.695,443479
497.435,711846
494.72,252654
500.515,142273
499.2,165648
493.22,96658
498.36,56840
495.28,63254
498.91,82615
501.505,511542
524.01,553376
535.54,419879
538.23,238712
530.79,329049
540.485,710013
532.18,191905
529.85,146364
528.34,164125
526.295,143088
523.89,111868
518.48,279044
511.57,263886
519.71,235099
519.25,170538
524.145,142399
528.53,141869
525.93,128621
522.265,522994
522.99,183235
525.205,146950
520.87,107892
524.54,54578
522.865,62552
526.69,74868
527.535,101160
531.76,38136
529.92,118720
534.67,116160
533.15,62967
532.29,82526
534.43,273242
544.055,190958
540.865,120707
542.295,64482
542.47,79040
538.53,102743
535.62,71904
535.79,43874
537.12,43259
537.36,47703
538.97,30860
540.16,52678
541.04,58189
541.465,202515
539.67,125733
541.58,92622
539.475,56910
540.68,38195
540.235,48621
541,34341
541.02,59373
538.67,68044
538.18,58264
538.66,36300
537.51,48425
538.615,70076
538.48,163852
531.645,164759
529.88,120617
531.89,58115
532.39,87721
534.455,62237
531.405,52159
531.42,32677
530.48,34443
531.55,170761
524.14,108957
525.925,74466
522.86,157825
520.82,420620
527.53,80236
528.66,91539
525.27,108808
525.14,80033
526.65,32129
526.91,69320
529.455,51094
530.04,40700
527.745,38618
529.565,38505
530.13,65776
528.54,66415
527.41,236402
521.19,107210
517.44,94945
515.55,71092
514.76,40609
513.115,67988
511.17,63232
511.8,68665
511.33,86652
509.92,49615
508.945,79391
509.99,76693
508.76,89662
510.36,251733
520.18,98877
522.05,97410
523.07,61843
524.65,142571
524.96,112260
526.25,127833
528.605,55414
527.545,155770
522.6,54734
521.855,73752
525.37,77579
526.84,131182
524.645,211895
540.45,297899
543.595,177317
544.04,61449
542.7,108571
538.6,81747
537.405,102035
536.29,93964
538.22,54909
538.21,31116
538.685,68631
536.88,38636
536.9,57661
534.69,213074
536.69,97694
539.4,88977
542.105,130240
542.42,62626
542.36,44930
542.805,69413
544.295,72154
545.21,39379
545.26,34581
545.46,63554
545.55,68208
546.05,116625
545,260303
547.32,93341
545.25,101961
544.74,68639
546.54,62708
546.38,50010
547.15,69119
548.35,73549
549.07,62550
550.955,118416
547.94,81183
549.77,87025
549.77,58674
549.53,231435
551.26,151128
550.33,82378
550.8,36545
550.59,73427
547.19,66667
547.42,35656
546.115,30332
546.485,37379
545.305,42515
547.72,28834
548.58,27892
548.76,48872
550.455,111714
548.89,108168
550.6,79550
549.93,33972
553,26422
552.22,25931
551.8,32810
552.81,29370
551.11,25738
552.755,55343
554.75,82416
554.9,66952
554.285,71949
554.72,168288
547.53,212292
542.07,123427
546.29,54852
547.07,51020
548.985,35749
549.415,40783
548.04,27683
549.66,40888
550.065,47327
550.58,76217
550.46,68131
550.09,67871
549.91,365561
560.41,152105
560.64,81799
562.06,66739
563.39,69997
562.94,51143
560.46,48580
560.215,21250
559.67,25329
561.31,33810
560.62,33568
561.91,61342
561.805,76865
562.05,219332
564.74,107951
563.79,94917
566.11,80337
565.8,97182
564.59,49785
566.24,102624
567.22,55079
567.29,56248
566.82,32851
567.245,41982
567.71,68894
567.05,159723
567.585,268850
562.6,138726
563.17,61988
563.745,67252
565.015,51283
564.895,67794
565.01,51938
565.64,13179
565.58,32041
565.52,23123
565.675,26393
566.15,21720
565.73,74663
564.8,180718
557.935,105685
557.39,85701
560.73,43033
560.8,57543
561.6,33222
560.4,69306
560.6,33967
559.335,43983
559.77,28367
558.77,37651
560.51,63180
561.06,62735
560.81,246620
560.2,110726
561.34,81878
561.86,61495
559.475,50763
559.09,51596
559.84,26232
559.2,31415
561.09,25462
561.235,58475
559.39,108462
557.895,76887
560.32,57623
557.86,298651
565.28,109501
564.02,109276
564.56,95839
562.4,86605
566.27,161648
568.43,78995
568.775,70414
570.05,36425
569.24,29563
567.62,47514
568.25,47408
568.285,124473
569.09,328877
566.49,43093
566.98,49789
564.355,88402
564.52,42919
564.155,20050
565.445,38374
563.94,26399
563.295,42691
563.97,37013
565.19,14030
564.27,14300
564.93,33356
564.7,129372
581.475,219676
578.885,119110
578.03,108643
578.94,74790
578.87,85264
578.19,57825
579.45,54226
581.135,61064
581.54,36814
581.55,52186
582.06,70170
581.555,71477
581.42,337407
583.46,99381
585.3,90706
586.85,57623
587.1,80582
587.675,52497
587.635,43543
587.66,57447
588.035,44237
588.335,45249
587.93,75810
587.97,24107
588.59,44003
588.475,166862
587.83,143858
587.52,80905
587.52,63900
587.615,78041
587.82,38842
587.98,21477
587.945,48763
587.47,75672
586.44,38121
587.35,26234
586.965,38465
587.49,63300
586.88,253926
585.58,202303
586.12,141834
585.82,86101
586.58,115596
588.39,54377
589.12,44354
589.1,24511
590.165,31234
590.63,38338
589.81,54933
589.62,46225
589.74,65900
588.74,228322
591.27,69466
590.65,73377
590.9,86137
590.61,46507
590.915,43714
591.01,34976
592.2,37042
592.16,27121
593.17,34020
592.795,28713
593.18,38192
593.565,69219
593.86,176337
588.15,132190
591.24,93665
592.135,37338
592.04,31786
592.38,25498
593.1,29642
593.98,32620
594.56,42148
595.1,45830
594.38,37139
593.77,28156
594.54,29583
593.58,216343
593.105,90052
592.88,54746
592.86,37703
592.76,27734
593.44,34866
593.16,40474
592.7,25526
593.375,28251
593.495,46695
592.965,52360
590.82,57169
590.88,119230
591.42,173134
588.58,145961
590.11,101650
589.725,74741
590.72,112212
591.78,48777
591.74,52938
591.78,46298
591.68,200418
584.62,343264
586.2,151183
585.26,124374
584.16,211733
582.47,356001
582.655,209385
584.35,151977
582.81,133462
583.03,96125
582.61,99940
584.32,96311
584.32,64978
583.14,71918
584.68,67340
585.4,61196
585.52,50559
585.84,96801
586.5,303399
575.87,320418
576.815,187836
577.77,115117
577.14,122889
578.43,90728
578.18,75184
578.67,60877
578.86,64520
581.08,57681
580.77,116153
581.08,65603
580.6,90860
579.79,220216
586.09,177677
586.16,144913
587.88,75588
588.065,82165
588.79,66385
588.97,78085
589.395,95367
589.955,54627
590.12,47592
590.98,55578
590.665,71452
590.37,115114
590.285,339628
591.575,151427
590.79,77620
590.33,67604
589.32,46903
589.36,50521
589.115,45063
589.95,37346
590,50595
590.21,40588
589.71,38708
590.09,113161
589.8,117618
589.51,287465
593.1,168917
591.2,135263
589.985,62486
590.94,59990
590.79,80059
587.105,91440
589.04,59418
589.76,52627
589.23,49805
588.61,71623
588.02,53333
588.82,106837
588.93,241260
588.96,146639
587.43,105581
589.55,83941
588.74,49198
589.11,61881
588.025,117516
585.05,229889
584.21,105161
585.91,64060
585.96,147426
588.31,62135
588.71,77925
590.57,467467
587.76,197763
586.19,220712
588.57,117049
589.44,113914
588.57,81087
589.77,66075
589.37,47515
590.06,42122
589.87,35430
589.895,69577
591.52,60534
591.86,82443
592.4,282012
592.43,109645
592.75,121841
593.88,76822
594.38,78351
594.97,66222
595.575,56553
596.085,66971
596.49,47841
596.74,71964
596.14,114407
596.18,70497
596.345,90550
596.19,218485
596.985,114840
596.95,132791
597.57,83133
597.58,48228
596.975,57741
596.86,55711
595.97,43132
596.79,48858
597.315,45573
597.74,39164
597.66,55490
597.03,68447
597.015,159998
597.66,170069
594.28,99930
596.18,186418
597.33,91961
598.64,79989
598.64,69421
598.015,173494
594.705,129570
596.52,40505
595.82,120561
595.34,61083
595.39,269511
592.48,385011
598.62,228341
600.35,107936
599.14,56706
599.27,126372
598.48,50160
598.76,44417
598.6,93031
597.55,41283
598.27,35861
599.09,75400
599.59,97104
599.67,91279
599.34,266952
599.75,82160
599.005,73160
599.71,72215
599.55,34315
599.4,32625
599.825,37720
599.79,42294
600.73,24258
600.825,25920
600.905,29938
601.02,42517
601.01,47265
600.49,198310
600.335,99037
600.56,43141
601.165,44371
601.09,51979
601.155,88778
601.26,54896
601.88,41645
602.155,40188
601.9,36594
601.26,65586
600.92,79608
602.385,106402
602.615,201083
604.18,118392
603.63,79402
604.73,40871
604.78,48200
604.18,41868
603.65,69016
603.23,62775
603.49,42976
604.305,44338
602.405,114121
600.58,100657
600.79,96773
600.44,185328
600.02,87272
600.83,61207
602.52,63860
602.68,65526
602.45,49619
602.425,57138
602.93,61839
602.41,36526
603.04,43988
603.16,57308
602.81,57116
603.315,60430
603.27,119425
598.54,137970
598.16,115652
596.8,78740
599.215,51378
600.71,56216
601.255,47855
600.89,40188
600.98,69228
599.5,65560
599.8,82190
597.04,103772
597.2,92600
596.39,168456
600.43,174389
603.06,112514
604.08,99679
603.93,105917
603.44,77643
603.14,48088
603.09,58688
602.725,57346
603.4,79436
602.36,45877
602.52,70613
602.495,126992
602.07,220375
600.22,125075
601.005,67237
601.19,61973
600.46,56817
600.435,48087
600.77,55317
601.13,70228
599.74,76567
598.94,85733
597.92,119150
597.38,105375
598.15,114105
598.27,216164
598.405,139091
599.13,99022
600.81,83038
600.86,64678
600.14,44200
599.69,42770
599.49,43113
599.41,39191
598.95,63047
599.61,95240
599.33,106112
597.24,119919
596.83,220148
598.385,137411
597.26,130116
596.07,68507
594.265,61230
595.16,70026
594.57,44379
594.98,41801
595.27,70599
593.5,53828
594.05,67451
594.9,56253
593.57,70978
593.59,266820
595.07,108212
596.83,93907
597.68,57146
596.42,52144
596.4,61254
595.85,72299
594.12,118098
593.55,77901
597.755,103318
598.52,52620
598.425,81092
598.47,87259
599.22,230427
604.325,178354
603.92,110848
604.6,64699
605.005,70982
605.81,48801
605.78,56645
606.52,56555
606.62,53977
606.36,59310
607.19,58486
607,52914
607.32,72194
607.48,254333
607.91,178321
608.18,106964
607.76,84684
607.75,97111
607.1,79456
606.87,40569
606.97,41008
606.72,70278
607.01,61970
606.24,37465
606.38,38580
606.41,56902
606.98,213981
609.02,110744
609.225,75969
609.94,114434
610.37,72705
610.08,57609
610.53,64955
610.865,26683
610.64,54210
611.24,53880
611.265,74642
611.75,105444
611.5,105074
611.58,419498
612.895,206181
614.48,150834
614.905,88441
614.78,49229
615.34,69323
615.9,66579
616.31,60740
615.945,51335
615.35,150919
614.095,106445
612.44,199753
611.14,129643
612.44,269539
617.4,164715
616.38,211745
616.7,101004
616.03,138426
616.26,71406
616.52,40690
616.28,72022
616.725,46790
616.525,106233
615.855,81162
616.06,118252
616.95,185402
617.89,508856
616.395,118350
617.24,78479
617.075,105035
616.47,114341
617.27,66811
616.97,75974
617.215,52807
617.12,55901
618.07,28322
618.6,64242
617.96,48535
617.96,102378
618.38,193249
617.29,104487
617.29,113505
618.61,120214
618.82,64852
618.795,75690
619.27,46476
619.14,40129
619.62,49047
619.47,62147
619.455,62294
619.605,68981
619.86,87035
619.74,239061
622.47,171758
624.06,98408
625.03,60427
625.3,72537
625.39,73931
625.88,92610
625.74,172360
625.61,200
624.99,600
624.99,0
624.99,0
624.99,0
624.99,0
623.33,72992
623.6,77344
623.015,75032
622.245,62532
622.01,55322
621.87,90412
620.55,51277
619.81,40501
620.17,50824
620,72350
617.9,78960
620.14,62667
619.46,314488
621.29,138336
620.655,129518
620.01,83313
620.41,109153
620.12,44088
621.1,77837
621.92,81285
620.78,54402
620.885,41324
621.09,62174
620.67,36362
620.51,74069
620.48,232058
622.73,155149
624.24,69882
623.21,124707
621.42,106137
622.13,89058
621.925,68594
621.83,51534
622.105,87847
622.38,100219
622.45,82998
622.85,61263
623.4,158074
623.6,256040
624.22,79966
623.375,104511
623.79,83542
624.865,71783
625.55,49159
625.69,77958
625.58,45280
625.6,49406
626.12,90295
626.585,72188
626.59,104895
626.24,108228
626.24,266053
622.73,86882
623.225,65044
623.91,54358
623.85,73545
623.38,66407
623.79,53541
624.07,48203
624.38,53889
624.45,87910
624.57,78506
624.3,117412
624.35,169394
624.41,300423
623.13,88127
622.77,41253
622.69,54446
623.43,45840
624.16,39672
623.94,31892
623.86,42392
624.31,39427
624.74,53266
624.66,41035
624.955,46564
624.955,76606
624.72,184100
627.53,108603
625.535,77314
625.41,90212
624.09,70613
625.12,69676
624.82,84865
624.26,61665
623.2,69124
623.935,74681
624.575,78435
624.64,105005
623.18,121975
623.31,224188
623.71,87019
622.13,59093
622.5,130681
622.22,257754
621.25,285449
621.895,59927
621.63,60569
623.07,52573
623.11,47041
622.995,70995
623.38,79704
624.355,75445
624.1,179368
624.32,140019
625.765,76998
625.46,99413
625.82,121513
626.67,76172
627.215,81407
626.91,60897
626.81,66285
627.06,50124
627.435,65953
627.87,81609
627.97,117894
628,440935
629.25,142329
628.99,88066
627.445,79558
627.125,42637
627.61,59369
628.1,65062
626.955,71444
626.72,48690
627.01,29390
627.095,50581
627.14,52673
627.28,74068
627.405,266821
628.76,129759
630.805,70573
631.27,67318
631,42275
631.29,45282
631.155,67243
630.755,42784
631.25,63512
631.385,42252
631.15,50419
631.18,90849
630.39,118878
629.45,278806
628.975,152013
626.705,99217
627.03,55242
627.955,44962
627.655,49464
627.66,53441
627.27,40908
627.845,50846
629.09,62381
628.52,69297
628.39,76724
629.34,100152
629.175,286954
631.54,87864
629.98,58626
630.72,36555
630.73,72242
630.82,80443
631.99,57367
631.63,30833
631.89,38615
632.09,67359
632.555,89152
633.255,97542
633.265,111782
633.36,288220
634.61,96326
635.03,69316
634.785,76401
635.55,74614
635.525,49845
635.52,76510
634.55,43354
634.85,56545
635.365,36349
635.25,108472
635.79,72460
635.21,81617
635.465,298714
635.13,95374
635.275,52567
635.47,98441
635.81,52082
636.02,46252
635.91,73872
636.74,50509
636.835,69858
637.05,60796
637.14,69464
637.35,54885
637.185,95371
637.33,340435
637.465,101787
637.45,109532
637.765,69092
637.43,84819
637.07,56645
637.38,39374
637.385,51462
636.89,57237
636.35,42005
636.085,109535
636.08,65805
636.06,87022
636.05,276223
638.35,79223
637.975,53785
637.79,72802
636.72,90403
635.27,55637
635.87,43492
635.86,22456
636.11,58815
636.21,41654
635.58,34474
635.35,39504
635.33,80627
635.13,261921
636,126635
635.695,107467
636.4,59654
636.225,87758
635.31,50508
636.18,66391
636.61,46384
636.455,36179
636.22,59149
636.63,71717
636.74,207763
632.82,187648
632.11,257503
639.46,138142
639.38,84341
638.84,133126
636.625,109942
636.19,58009
637.55,48366
638.07,55240
637.64,55774
634.81,87021
633.44,86900
634.23,98882
634.23,101722
632.9,366213
626.33,277878
621.39,268041
623.4,203360
621.97,159819
621.5,127183
623.905,131448
624.1,238482
621.35,216400
620.52,128931
620.7,157817
621.63,185074
621.41,208127
621.775,504968
625.72,167861
629.14,87203
629.43,80739
629.13,67138
628.9,66048
629.94,40000
629.79,49805
630.15,30570
630.36,29021
629.765,49986
629.97,42119
629.9,135860
630.265,278606
631.79,88145
631.84,85173
629.795,136734
627.68,58676
627.93,48999
628.13,42241
629.11,40215
628.87,30215
629.715,48256
630.12,68801
628.64,53455
628.42,79565
628.99,188386
629.06,82278
629,59919
628.755,51609
630.95,70346
631.895,57856
632.69,40070
632.18,38299
632.24,32135
632.31,21787
632.2,32867
632.92,53241
632.6,61627
633.01,241414
636.255,112597
636.7,135966
633.805,154768
632.71,69195
632.15,61875
631.86,63287
632.2,85412
631.565,56525
630.08,60640
630.84,51632
629.71,59511
630.6,72186
630.32,159445
634.11,107846
635.88,56642
636.45,53226
635.81,47678
635.85,76306
636.335,49796
636.855,31292
636.54,31495
636.4,41742
637.245,57267
637.22,47026
637.235,62326
637.22,172731
637.51,87176
637.675,66328
637.25,32450
636.76,49773
637.07,30247
637.835,86818
638.525,29139
637.36,48798
637.24,27431
636.83,51078
636.515,49099
636.5,37062
636.34,323606
638.29,125913
637.35,78434
639.32,53790
639.91,112039
640.475,61909
641.135,38243
641.45,39425
641.68,46837
641.47,35544
642.13,51739
642.21,61557
642.015,74889
642.31,282878
644.87,132678
645.6,104739
644.28,79089
643.81,85756
643.69,56210
643.5,31160
643.27,44540
643.17,38029
643.69,38768
643.53,36095
643.955,45208
643.995,72184
644.295,219686
642.805,70235
644.05,40896
644.25,44930
644.745,46882
643.28,40066
644.01,26701
643.21,34428
644.16,27134
645.03,29559
644.65,41794
644.04,42937
644.5,105379
645,134967
646.06,93286
643.7,54025
644.195,50343
643.51,39978
643.46,61698
643.37,60488
643.32,46260
644.1,40454
644.15,59448
644.71,77229
644.55,58051
644.24,76290
643.8,199228
642.855,99813
642.87,65804
642.845,51685
643.215,46129
642.73,39687
642.77,38998
643.185,29747
642.5,33463
643.225,36117
642.75,33521
642.78,53462
643.42,40056
643.23,158923
643.155,84749
642.915,79039
643.035,103182
641.21,74853
641.58,52217
640.73,39206
640.33,46790
639.69,55148
639.69,60415
639.8,44814
639.05,52994
639.015,66058
639.26,306984
639.39,233803
635.29,156543
634.09,92193
633.32,109163
636.33,93630
635.16,92576
637.43,55662
636.23,36084
636.56,42609
637.17,101371
635.82,101612
636.81,117933
638.26,248788
636.22,79816
635.215,77072
637.835,40127
637.18,54025
636.75,28492
635.57,32099
635.215,30342
634.86,52221
634.405,47957
635.84,46518
635.525,46349
636.04,55418
635.945,155370
637.755,108258
638.69,341539
644.29,116063
645.715,112627
646.01,99600
645.43,74853
644.82,34937
644.79,64522
646.13,42855
645.83,71072
645.42,55588
645.49,101823
645.075,318645
644.01,125744
644.46,84965
644.15,50409
644.37,38414
644.96,46830
644.92,33986
644.91,36354
644.985,36389
644.64,48716
644.54,39147
644.14,39944
643.97,49843
643.725,271644
642.1,102300
642.68,87042
643.09,52492
642.675,37687
642.405,19124
642.78,38596
643.34,17986
643.28,18831
643.54,30370
642.81,41051
643.52,42273
643.89,58782
644.54,277650
644.555,108443
645.33,88130
646.12,58401
646.245,57486
646.28,57274
646.53,48467
645.92,41171
646.32,50186
646.505,51391
646.74,54341
647.25,100871
647.04,79692
646.675,181306
647.165,168446
645.9,88561
646.01,66613
646.86,60860
646.35,35521
647.07,60851
648.23,55368
647.625,43009
648.145,58471
648.38,76939
648.655,105036
648.96,83420
648.945,349066
647.455,170690
645.57,220475
644.625,116799
643.78,66671
644.51,55813
643.77,59689
644.205,56649
644.67,69195
644.01,61939
644.65,64825
644.28,47817
644.42,128113
644.6,394933
637.5,168128
639,71352
639.19,46018
637.705,57946
636.51,54923
635.39,42973
635.665,62305
636.9,66505
637.81,39416
638.33,50257
637.77,52915
638.04,51791
639.175,345523
642.78,165139
642.055,89819
642.38,86236
643.945,86634
642.45,60699
642.48,47809
642.47,45517
641.84,38474
642.34,62909
640.945,66364
641.1,72268
640.8,65578
641.02,342695
644.43,105844
644.95,111173
644.905,83401
645.67,96939
646.22,81198
646.175,39776
645.935,45105
645.965,49136
646.9,74575
647.21,149391
647.25,98653
647.63,125973
647.89,451434
651.455,243947
650.9,189510
646.515,152757
644.16,123657
646.205,100370
645.74,65803
645.775,59235
646.39,55546
645.84,57008
645.17,56651
645.83,74164
646.28,109374
647.135,209901
648.645,154973
648.325,82016
648.755,93243
649.365,56408
649.7,55235
649.37,47670
648.67,61511
648.495,46568
648.565,49169
647.605,53095
648.42,45208
648.195,47701
647.65,334937
648.945,59682
649.195,88882
648.71,97054
648.6,37609
648.745,46222
648.315,74698
648.855,34076
649.04,80072
649.56,66921
649.8,76108
649.87,76744
649.855,87741
650.08,228416
653.625,155676
653.55,140780
653.885,100073
653.41,90691
652.855,72287
653.29,43760
652.67,44065
652.84,58043
652.26,52830
652.33,88873
651.65,92927
652.04,130894
650.85,275630
654.25,205741
655.595,141867
655.94,114996
656.625,99643
657.49,91189
657.21,84710
657.37,63870
657.13,69988
657.17,60606
657.58,91209
657.345,97174
657.52,178715
657.74,486978
657.59,137279
657.72,111431
657.965,86369
658.39,98289
657.645,102488
657.62,98114
658.08,102915
658.08,106851
658.12,66862
658.385,82766
658.505,139123
658.8,189155
658.18,468223
659.58,164688
660.68,87807
660.68,77196
660.99,68263
660.35,61840
660.59,64075
660.62,55958
660.065,83854
659.73,75832
660.59,60165
659.945,71053
660.03,85216
660.03,265944
661.47,179829
660.125,127727
659.91,63402
659.695,88242
659.57,56323
659.655,48384
659.9,48999
659.905,47041
660.22,62101
660.115,39180
660.18,63714
660.605,99000
660.17,303990
660.04,128776
659.93,144431
659.165,79869
659.34,72674
658.95,42427
659.3,40493
658.885,56424
658.32,47365
658.66,76562
660.215,180950
660.49,253219
657.65,210100
660.105,220600
661.9,249133
662.05,229295
664.44,109540
662.8,91708
663.31,74979
662.56,58598
663.445,73568
664.02,65328
663.38,68504
662.8,66895
662.805,82059
663.27,110794
662.665,312973
662.305,255710
662.13,146546
661.875,92910
661.67,85750
660.68,74630
661.57,84251
662.47,55555
662.5,41852
662.47,79387
662.68,83140
662.51,84466
663.055,229886
663.79,568730
662.21,188428
663.43,159169
664.06,116953
664.98,93839
664.93,84739
664.58,134644
665.88,121225
666.41,65275
666.49,67059
666.36,141015
666.55,63813
666.79,94183
667.14,304394
666.73,199464
666.91,145265
666.63,77235
666.325,64503
666.13,74808
665.575,82931
665.21,98680
665.165,107554
663.61,194519
663.17,106287
662.67,76855
662.11,108700
662.4,271999
664.48,155084
662.965,107360
663.13,62047
662.95,53851
662.66,107365
660.39,117050
660.92,44725
660.49,49337
661.4,81994
660.55,79828
660.39,74020
661.09,60021
660.8,233288
657.93,237942
655.78,166815
658.52,79751
658.72,76722
657.485,84387
658.935,52108
658.045,45449
657.84,51367
657.275,51293
655.615,106567
656.99,97896
657.805,79292
657.515,186244
659.505,181533
661.84,162291
658.6,68747
658.46,57786
659.96,72990
658.715,72076
660.485,54459
661.305,45548
661.66,61528
661.32,75472
661.82,65710
661.91,71725
661.59,201997
664.375,139092
664.64,113216
664.675,88811
664.45,110120
663.53,80968
663.34,102488
663.47,53013
663.01,55877
662.57,84819
662.945,81408
663.465,92949
663.33,130313
662.635,397596
662.91,128290
663.05,104451
662.88,72573
663.23,87460
662.25,80293
663.04,61818
663.425,45936
662.775,52827
661.96,70909
662.435,91333
663.815,68545
664.44,168382
665.39,401747
663.195,154102
663.725,102300
665.59,96916
665.775,66251
666.35,114913
667.05,52819
666.93,54779
666.96,61176
667.99,71224
667.965,73247
668.76,106727
669.11,83628
669.075,277675
670.455,179060
669.23,142546
668.83,77506
667.57,85130
667.6,63420
668.33,45093
668.07,38932
668.37,42183
668.495,62490
668.93,64205
669.55,59830
669.425,67125
669.48,299558
670.005,141895
670.8,130348
671.37,103822
672.005,76867
671.74,92487
672.5,63411
672.47,52060
672.18,86941
670.29,133557
669.15,120984
670.55,79779
669.92,95326
669.61,214127
671.625,180026
669.96,121690
670.48,69660
670.76,68419
671.16,72783
671.83,58513
671.84,56029
671.715,74876
672.08,47073
672.22,70552
672.245,63631
672.05,65929
671.7,224744
672.55,140971
672.1,86218
671.27,72725
670.91,180007
669.235,205534
668.26,97326
668.365,80035
668.36,52097
668.89,44405
668.31,48262
668.64,49939
669.03,59535
668.62,226911
670.285,162540
670.3,84260
671.905,73520
671.76,48535
672.54,58526
672.795,44316
672.645,40298
672.74,25471
672.94,48141
672.74,48160
672.82,42137
672.24,70469
672.86,250631
673.52,136467
671.83,75427
671.195,80152
671.46,45948
670.73,47681
671.34,25334
670.93,44798
669.98,51694
669.39,44821
670.185,44411
669.815,49389
669.94,93009
670.48,288576
672.145,106678
673.16,86198
672.525,77901
669.135,482072
662.38,306491
661.46,107057
661.48,94914
658.895,93348
659.79,92790
659.69,81945
659.23,104713
657.15,139589
656.085,447907
660.695,208823
662.83,180997
660.745,88393
660.25,88525
662.74,77664
663.035,101303
663.44,73859
664.26,54381
663.15,50378
663.27,66191
663.95,97664
662.11,88866
662.76,206887
657.17,185254
656.77,161365
659.77,79491
659.9,94923
659.71,101124
662.485,78872
663.635,93794
664.335,66120
665.32,50370
665.2,61543
665.13,47856
664.91,71861
664.74,307728
666.775,205891
668.38,118541
669.63,59804
669.085,54202
667.65,96215
665.195,61422
665.59,47279
664.09,155935
660.8,80041
664.285,52939
664.28,42068
665.8,67544
665.38,325475
666.835,124617
666.67,109222
666.995,99773
667.12,69023
665.73,87306
664.43,75285
662.44,186448
663.29,139279
663.44,83983
661.79,155035
658.79,111985
660.58,122892
658.93,287800
659.53,152746
660.61,109482
662.38,109873
659.55,85480
659.72,76847
661.73,66638
663.13,60547
661.92,45682
661.095,66201
662.99,75451
664.66,62519
664.4,70316
665.04,194247
667.305,124056
668.76,73112
670.265,69330
671.24,50769
670.84,49659
670.57,39566
670.84,43030
671.02,55080
671.64,41800
671.79,46897
671.87,79197
671.66,76267
671.72,228141
671.35,70516
670.63,74168
670.68,74720
672.59,72771
672.1,52940
672.27,47989
672.65,90547
671.44,70431
671.61,36709
672.21,64982
672.275,50565
671.94,68067
671.91,229655
671.68,41167
671.27,63222
669.42,93785
670.02,63473
667.92,56727
668.97,25371
667.605,144006
667.2,43921
665.34,67450
664.725,74346
665.63,67987
666.41,107155
667.47,168554
668.12,104260
670.09,65719
669.37,54205
670.21,53952
670.065,51518
670.18,51477
670.585,69875
671.4,48706
671.08,74982
672.41,45530
672.475,43843
672.62,87013
672.4,317982
676.425,154465
677.29,55193
676.75,56425
676.7,76190
678.21,67127
677.99,66602
677.89,51583
677.925,27455
678.075,41879
678.07,39644
678.16,48381
678.25,90716
678.245,359648
682.72,141689
683.13,89859
682.98,62524
682.76,64025
683.36,61821
683.405,68476
683.54,68250
683.74,65502
683.44,57437
683.9,56221
683.86,88575
684.125,97033
684.24,466263
687.04,150718
685.69,64709
686.1,101564
685.87,56500
685.52,74811
685.58,55773
686.14,83926
687.05,62291
686.98,80504
687.625,98784
688.07,63812
688.13,112935
688.695,308562
688.72,255793
689.665,123522
688.97,179325
688.33,176856
688.32,97714
688.01,51152
688.475,38668
688.605,33919
687.875,70987
688.1,63194
688.01,345665
686.17,155649
685.34,227605
683.68,183395
684.875,71126
683.96,78850
684.48,46435
684.74,50843
683.38,42526
684.95,36825
684.41,44742
684.375,59223
684.38,85633
683.01,86291
682.375,96872
681.44,282964
684.98,105673
683.41,68623
683.195,64744
684.5,89163
683.8,74696
682.115,117258
681.94,58130
680.32,85405
679.83,64968
680.84,74658
682.3,71788
682.6,100045
684.105,462304
685.67,128696
682.46,91353
680.36,49463
682.36,39750
682.085,64302
683.37,53815
682.77,43927
683.855,50097
683.71,31680
683.6,46624
683.27,47962
683.41,56948
683.15,254100
676.08,281934
678.81,84489
679.19,91036
678.17,87514
678.21,61134
678.18,93456
676.92,71173
675.89,73729
675.25,102395
676.09,88816
676.335,89171
675.19,105342
675.99,342884
674.955,121090
677.04,87485
677.425,41339
677.855,41848
678.36,103181
679.42,55304
680.03,79449
680.18,71541
680.4,51177
680.605,53895
680.21,49838
680.225,116357
679.77,285978
676.535,142286
674.09,187231
674.57,188659
670.93,80052
671.33,73510
669.38,70051
669.57,92973
671.085,85581
670.94,57864
671.4,74919
673.35,94954
673.11,79679
672.38,373628
667.885,221251
666.29,116302
665.92,161539
663.33,184050
662.83,93628
662.02,113820
663.47,86193
663.99,87420
665.275,103956
665.45,87592
666.55,194128
669.84,178545
668.71,252759
677.24,229687
678.54,93090
678.88,97738
676.19,69312
675.56,43963
676.62,60019
677.55,78915
679.42,98313
679.5,73772
679.86,53561
680.78,77633
681.26,100119
681.285,349836
679.945,92440
680.68,56994
679.39,41888
679.24,56201
679.335,35021
679.715,46793
681.025,36551
682.08,53033
682.885,51176
683.12,61514
683.16,50111
683.155,95205
682.835,255725
684.84,155105
683.63,86461
683.055,82035
682.18,71769
682.395,65332
681.82,36286
682.62,85605
683.64,82215
683.49,96081
683.69,87408
682.76,84438
682.79,76325
683.33,274830
680.495,141723
678.75,97308
678.93,135230
676.39,102069
675.68,90437
675.13,68791
676.035,88088
674.2,99844
672.78,97046
672.83,89897
673.46,111446
671.7,199306
671.67,362846
665.36,185468
668.57,97220
669.825,142803
672.305,75532
674.42,62535
674.69,45352
674.86,72351
673.88,77094
673.11,79016
673.23,82437
674.075,65053
674.67,107691
672.46,259268
669.655,121521
672.79,68460
672.04,56917
670.775,119798
670.47,67243
673,41227
672.325,58155
669.16,68163
668.68,75007
666.6,126364
665.765,134498
662.62,183913
663.8,314254
661.925,226391
658.54,174464
659.09,134022
657.13,158933
661.56,146631
661.18,116990
658.58,128522
663.98,100289
663.38,112929
663.03,97470
662.96,147120
664.38,154267
662.44,538053
660.78,163494
665.73,116903
666.265,97107
662.9,118193
662.03,63003
662.45,78414
661.01,123638
661.27,77914
660.84,74407
662.74,93314
659.81,96991
661.12,105554
663.54,255094
672.945,214472
675.08,107243
674.93,95234
672.7,246588
667.87,342236
660.1,438734
658.52,329383
657.26,296804
659.53,161506
655.04,143316
656.89,167809
658.1,191629
656.18,452470
654.72,179220
654.95,223563
653.08,207120
653.14,101405
655.855,137700
660.74,77206
660.53,55476
660.33,91185
658.1,99274
662.48,62156
664.4,75757
661.845,84016
659.37,258930
662.645,155982
664.12,129924
665.565,92124
666.66,78466
667.885,39283
667.74,44496
668.18,58534
669.14,44757
669.15,36003
669.39,49655
668.97,92244
668.27,71849
668.94,383923
668.625,159763
668.82,131866
668.835,79687
669.505,48347
670.495,46195
671.9,32538
673.315,43306
673.36,30505
674.04,19699
673.98,35750
673.38,26242
674.01,33717
674.52,204565
677.625,112754
677.19,53465
678.2,41139
679.63,39191
680.53,37483
681.355,24451
680.94,28254
681.22,34984
681.085,21633
680.42,25703
681.23,29728
680.81,47470
681.195,245927
680.88,88496
681.255,76948
681.71,105590
682.38,70742
682.16,80053
682.755,61111
682.26,214581
683.19,396
683.19,0
683.19,0
683.19,0
683.19,0
683.19,0
678.825,114662
681.455,121804
679.7,65943
681.68,27831
681.12,41123
681.98,31280
682.01,28108
682.015,22543
682.5,35845
682.81,54268
680.52,42218
680.19,36087
680.755,382392
681.82,67968
682.36,65688
681.66,43358
683.485,61006
680.22,38520
680.59,38073
682.47,28656
680.01,30256
681,30827
681.085,30186
681.385,69250
682.5,50254
682.48,205077
680.56,61827
680.84,38486
681.61,99973
682.395,27282
682.385,31591
682.205,20913
683.57,17723
683.89,20994
683.97,23585
683.9,22946
684.35,53521
684.62,82248
684.485,281148
685.3,110700
683.005,51066
683.5,34268
683.4,29691
683.295,29426
684.37,29516
684.03,27234
684.285,32788
684.62,19372
684.07,73982
682.17,42080
683.2,55547
682.735,159673
685.48,79958
687.05,81386
687.87,40958
686.83,69197
685.92,47853
685.99,21398
685.42,40810
686.33,23833
686.73,22458
686.23,22814
685.965,34311
686.2,44918
685.995,316981
686.46,101614
685.43,58331
684.435,57483
683.67,53144
684.08,26394
683.26,34727
682.665,67218
684.09,40633
682.8,44943
682.11,49913
682.22,49952
682.4,56904
682.65,255330
683.11,108090
684.49,49793
684.19,43841
684.52,42917
684.91,62429
685.03,43370
684.665,53417
684.25,38199
684.2,62944
684.12,57219
683.74,82896
683.64,85787
683.31,315762
682.525,100117
682.97,66795
683.04,66909
682.175,62103
683.74,61662
683.56,42975
683.055,40356
683.83,47851
682.77,63488
682.86,198261
684.24,310757
688.15,200212
688.09,315260
685.14,145785
682.64,121267
686.205,81517
685.71,53798
684.575,65022
685.5,66724
687.4,38989
687.22,39309
687.59,44703
688.03,55493
688.64,68850
688.84,95987
688.41,359384
688.185,77039
687.37,94203
683.7,169629
681.7,181125
681.255,70276
680.59,65971
681.615,46988
682.59,53766
683.75,64703
682.56,59018
681.63,39506
681.97,74276
681.35,246118
685.745,122476
682.44,107318
679.7,97055
681.18,60612
682.85,66778
680.78,46559
680.56,59437
680.5,39137
679.99,46669
681.07,68711
680.82,68336
681.66,109072
681.15,309512
679.09,132731
680.725,78634
677.65,80755
679.04,73078
677.09,75156
678.33,70074
677.32,72688
675.58,83498
675.57,96265
677.76,115352
677.04,82346
677.92,145002
679.18,480453
679.77,86872
679.19,35808
678.98,90432
674.44,61594
674.44,42708
674.22,60323
674.13,28722
674.23,47413
673.3,64323
672.58,64005
672.45,66995
673.18,80007
672.54,321349
677.59,93954
678.13,92399
678.94,98226
679.95,66301
679.75,66160
679.5,117839
675.6,77215
678.29,72858
678.97,51407
678.22,76489
677.15,70849
675.71,117592
677.62,331824
676.61,112790
680.02,57175
678.84,79221
678.96,82674
680.13,79359
679.72,81724
680.68,86166
680.605,50014
680.78,60151
680.24,69591
680.63,72053
680.59,119513
680.46,586603
683.925,132348
683.98,62422
683.81,62921
683.73,65147
684.685,38521
684.95,40523
684.675,45994
685.22,55970
684.73,58646
684.5,51678
684.8,65083
684.81,99860
684.925,299821
683.895,74167
685.4,80513
685.3,54693
686.335,48284
686.5,32753
686.9,49104
687.07,51799
686.95,49271
687.565,39988
687.535,57320
687.865,54664
687.84,91353
687.84,202829
687.92,56003
688.545,55611
689.21,42002
689.465,45228
689.95,47498
690.38,65653
690.56,195739
690.27,260
690.27,0
690.27,0
690.27,0
690.27,0
690.27,0
690.555,67121
690.785,44482
690.72,30435
690.8,51248
690.295,12743
689.9,16064
690.11,9028
689.79,9173
689.67,17414
690.17,10276
690.055,21516
690.145,24031
690.2,156497
687.565,97917
687.505,44065
687.88,54553
687.38,43499
687.13,54900
687.085,35996
686.23,39478
686.975,39393
687.33,57758
687.215,59124
687.455,93370
688.27,101880
688.2,262009
687.43,95706
688.08,70471
686.97,67311
687.59,93938
688.18,63406
687.205,44740
687.41,62309
687.635,46172
687.75,47270
687.75,64066
687.82,45353
687.535,75645
687.49,248698
687.145,86602
685.965,41216
685.59,63111
684.32,53112
685.115,33257
685.31,29917
684.98,37599
684.8,31777
685.37,43679
685.82,60644
685.14,109827
684.135,148672
682.67,466077
685.51,151786
686.2,152743
682.42,74133
681.36,51168
681.92,42110
681.155,44745
682.435,30064
681.1,31198
680.99,38613
680.575,56327
682.97,95976
683.105,69265
683.35,210548
686.51,135276
687.075,103030
688.61,77480
688.31,61184
688.615,99165
688.98,62866
688.34,44280
688.63,51344
688.35,44766
688.575,46618
688.2,77332
687.61,80769
687.96,325663
687.92,110491
690.115,105434
690.635,123322
689.07,111931
689.05,84728
689.41,80158
690.41,76525
690.97,69301
690.86,84144
691.72,104243
691.96,89510
691.855,121471
691.96,307586
692.185,95585
692.61,95217
691.725,110329
692.48,103843
692.27,80754
693.52,53597
693.67,71489
692.98,69717
692.22,62674
692.785,91045
691.71,68865
691.74,159403
690.315,377691
688.795,157380
688.21,108877
689.64,156402
689.86,91730
689.07,100926
689.905,64518
689.42,89350
690.01,88299
689.51,75295
688.86,93355
688.9,68543
688.82,117247
689.58,287334
690.6,102149
691.58,149194
693.21,125826
691.96,115302
692.82,111111
693.9,85679
694.2,93030
693.95,64244
693.88,89429
694.545,77214
694.805,93739
694.84,110475
695.02,329287
690.68,153977
693.68,95917
693.56,128552
693.91,99470
694.25,53367
694.545,73889
694.535,50190
694.67,66218
695.12,70206
695.205,89877
695.31,87118
695.935,103756
695.3,275078
695.44,137138
694.16,130878
692.75,87958
693.74,77921
693.46,95651
694.87,59555
694.55,86119
692.91,68811
692.9,53225
692.885,78621
692.97,78469
692.84,113622
691.985,419459
690.9,111037
688.24,150380
688.735,146228
687.18,85424
689.16,88637
686.55,65427
687.025,59263
686.57,58654
687.59,75824
688.05,89287
688.155,93881
688.05,142419
689.12,453678
694.6,193815
693.545,89849
693.97,145597
694.43,95216
694.8,93824
695.01,88757
694.495,83196
693.91,97189
694.91,75619
694.69,102753
693.59,131487
692.65,190293
691.83,369164
693.68,100674
691.87,98517
691.59,116420
691.85,80490
692.795,53860
692.625,32350
692.47,49204
691.94,39855
692.99,42489
692.635,91998
692.08,86822
692.62,86753
692.11,388274
681.52,135251
682,73502
683.72,61517
683.875,40688
683.71,41978
683.63,30018
682.2,42474
680.94,40751
680.21,58935
678.835,66401
677.92,84680
677.73,115808
677.465,325779
679.35,203587
682.59,89317
682.97,98865
684.765,80088
684.24,188093
680.03,138797
679.86,116955
680.57,101342
680.56,70700
680.97,119136
684.47,312051
688.48,271172
685.32,422229
689.85,160397
687.72,72108
688.48,62490
688.6,106217
689.795,40104
689.595,38511
690.26,50082
690.955,42141
690.41,30587
690.035,57836
690.64,77246
688.7,71897
688.12,166830
688.1,106688
688.925,70715
689.32,105495
690.52,81595
690.065,53583
689.7,51952
690.22,107073
687.955,57556
688.98,64449
688.93,84577
689.54,58008
689.58,70170
688.8,165936
690.485,173504
692.22,90144
692.55,93840
693.015,62573
693.2,46241
693.05,49032
693.52,36158
693.22,42031
693.76,29312
693.57,73352
693.815,69180
693.56,74010
693.57,392967
694.15,123211
695.17,88699
694.725,89587
696,85886
696.19,78201
696.01,71459
696,57657
695.44,57104
695.81,57436
696.01,42959
696.19,57727
696.035,107981
695.97,367588
697.02,124240
697.11,105810
696.76,42326
695.59,42999
696.01,80433
694.73,56439
694.84,28914
694.84,21740
695.16,40233
695.14,52086
694.325,80259
694.9,52901
695.47,184288
696.345,146049
691.535,116894
688.815,128939
686.04,137892
687.88,75026
688.77,101889
690.985,77026
689.03,68932
690.94,54538
690.56,89308
692.09,81580
691.15,81006
691.58,284580
691.84,125674
691.74,65824
691.15,80527
692.1,55930
690.96,52040
690.68,75154
691.025,44916
689.09,78448
689.45,62569
691.36,106761
691.3,93639
690.665,94141
690.16,450571
689.62,156617
692.57,189498
694.695,122253
694.74,104326
695.55,73096
695.715,91807
696.26,65005
696.43,90161
696.07,62306
696.475,90215
696.785,106069
695.52,224205
695.78,423596
696.225,122478
693.405,124096
692.15,117781
693.17,76236
690.82,97407
690.64,137479
688.8,136485
687.745,116907
686.325,126598
684.83,183878
686.26,113607
686.75,122353
687.58,345964
690.29,147974
687.97,130911
689.865,115985
688.53,87284
688.34,93823
686.51,76104
683.38,140943
683.63,118308
684.82,111961
684.63,100489
685.39,164543
688.24,168521
687.52,374249
680.78,250755
680.59,200462
676.74,88824
677.15,98768
679.72,96614
681.25,94229
681.54,67114
680.41,72561
679.09,55779
678.14,74011
680.145,49740
679.08,81235
677.79,321139
681.435,232843
684.82,112874
685.635,99419
685.7,112112
687.09,90646
687.41,79823
688.5,110990
688.965,78690
688.99,88160
689.05,106930
689.5,89267
689.27,188492
689.7,408862
689.47,95940
690.335,70300
691.94,95745
694.255,75532
694.64,77988
695.375,47806
695.23,45155
694.58,44727
694.355,48937
694.68,63608
695.76,50356
695.425,73234
694.44,248317
694.91,82280
695.77,66401
695.92,47493
695.38,64902
694.74,41827
694.78,39529
695.28,29234
695.355,63114
693.41,64934
693.71,59197
693.88,44151
693.7,60617
693.28,421744
696.435,93330
694.15,101548
689.73,81186
692.355,46980
691.74,52625
692.015,60593
693.6,59528
692.75,99215
692.8,67763
692.74,44965
693.61,41001
692.865,68212
692.21,235392
694.23,110525
692.77,48312
692.99,108789
688.71,201414
683.6,90379
684.48,77023
684.115,53801
682.82,78843
683.06,94238
684.855,80612
684.245,107924
685.36,85918
683.19,415966
681.695,216099
679.885,121282
682.945,165818
682.53,96761
683.78,101985
684.78,102249
685.38,101353
685.12,100044
685.39,88731
684.725,99846
684.35,140420
682.48,167596
680.6,388772
680.15,108274
676.42,112018
677.43,54128
678.6,97349
681.62,77378
682.44,32520
682.11,32895
681.02,47189
682.5,52754
684.06,69667
683.99,32934
683.57,64429
682.83,178700
683.87,137475
686.205,151740
687.89,105818
688.51,85890
688.175,72259
687.56,79543
688.16,48263
688.52,62826
687.815,113875
686.92,104004
686.47,147633
684.62,129626
684.19,417015
683.85,109217
684.9,82110
683.86,80776
685.32,92147
684.275,119716
683.55,91645
683.88,84313
682.42,83174
682.44,75381
683.73,82123
683.24,111384
682.555,106636
682.89,284675
682.23,104381
684.89,221645
686.76,107257
688.81,69538
686.1,97929
688.61,92283
685.16,58589
687.49,46358
686.6,131477
689.27,62268
688.68,42102
688.04,57104
688.32,226823